80 
 1000 72 31 28 31 56 106 60 14 41 81 22 91 75 22 50 91 31 84 93 14 89 62 86 114 50 80 78 41 92 84 
 78 44 22 66 70 80 70 20 10 84 66 20 80 40 30 72 64 62 50 42 90 53 90 50 50 72 94 22 28 50 10 
 100 53 70 36 22 72 70 40 94 58 41 31 53 31 64 41 86 70 44 
 72 1000 80 90 41 36 60 14 80 42 78 50 86 64 80 28 114 100 116 122 60 66 10 30 70 31 20 44 31 40 41 
 31 30 90 56 10 92 20 53 62 72 106 91 58 36 100 102 28 97 36 41 98 93 106 66 22 70 80 58 50 100 75 
 60 20 36 50 93 50 78 72 62 22 62 50 58 103 42 81 53 86 53 
 31 80 1000 14 44 50 94 72 20 64 58 36 66 56 10 66 60 28 53 62 28 70 70 81 100 50 80 66 53 84 75 
 72 50 22 50 81 50 84 42 36 64 36 31 64 58 36 41 60 31 72 40 60 22 60 28 62 50 72 50 31 22 41 
 86 60 63 30 41 58 44 14 78 60 22 56 36 44 53 10 72 41 31 
 28 90 14 1000 50 63 108 80 14 66 72 41 80 70 10 72 70 14 60 70 31 84 80 94 114 60 91 80 60 97 89 
 84 60 10 64 90 63 91 44 36 78 41 20 78 62 22 50 72 40 75 50 72 30 70 42 70 64 86 50 40 22 36 
 100 70 75 41 30 72 58 28 92 70 36 58 50 31 66 22 86 53 44 
 31 41 44 50 1000 31 80 30 40 22 70 10 80 60 41 22 94 60 92 100 20 70 31 56 88 22 50 53 10 64 58 
 50 14 50 50 40 75 41 14 22 70 78 50 60 14 60 78 36 70 28 20 84 64 88 44 20 60 80 22 14 66 36 
 75 22 44 22 53 50 63 42 72 28 36 20 41 62 41 50 62 66 31 
 56 36 50 63 31 1000 50 36 58 50 44 36 53 31 53 41 78 75 80 86 42 40 28 31 58 10 30 22 30 36 28 
 22 20 66 22 42 56 50 44 50 41 72 72 30 40 80 66 10 62 50 14 64 60 70 31 31 36 50 53 28 70 64 
 44 22 14 22 78 20 42 40 41 14 30 50 22 86 10 50 31 50 20 
 106 60 94 108 80 50 1000 70 106 93 50 86 50 41 100 81 90 122 100 100 92 30 60 30 10 58 40 28 75 20 22 
 31 66 114 44 70 70 80 94 100 40 100 120 31 84 128 90 44 91 91 64 70 93 80 66 72 50 41 102 78 106 114 
 10 62 36 70 126 36 60 80 20 53 72 97 58 134 42 88 22 70 64 
 60 14 72 80 30 36 70 1000 70 28 80 40 88 66 70 14 112 90 114 120 50 72 10 41 80 28 31 50 20 50 50 
 40 22 80 58 10 92 14 41 50 75 102 80 62 22 90 100 31 94 22 36 100 88 106 64 10 72 84 44 41 94 62 
 70 14 41 44 81 53 78 66 70 22 58 36 56 91 44 75 60 84 50 
 14 80 20 14 40 58 106 70 1000 53 75 30 84 72 10 60 80 20 72 81 20 86 70 88 112 53 84 78 50 94 86 
 80 50 10 64 80 70 80 31 22 80 53 14 78 50 22 60 66 50 62 44 80 41 80 44 60 66 88 36 31 36 22 
 98 60 72 36 22 70 62 31 92 62 36 44 50 28 64 30 84 60 42 
 41 42 64 67 22 50 94 28 53 1000 91 28 100 80 58 14 116 72 114 122 36 90 36 66 103 40 58 70 20 75 72 
 62 30 62 70 36 97 31 22 31 90 98 60 80 10 70 100 50 92 10 41 106 84 110 66 22 81 100 20 36 86 40 
 91 31 60 44 60 70 84 64 90 41 58 10 62 70 60 70 80 88 53 
 82 78 58 72 70 44 50 80 76 92 1000 70 10 14 66 84 41 86 50 50 70 20 72 58 50 53 64 36 72 53 44 
 50 63 80 22 86 20 94 80 80 10 53 88 22 81 94 41 50 44 94 50 22 50 31 31 75 10 14 90 60 64 91 
 40 66 42 50 97 28 14 44 30 58 41 90 30 102 36 50 31 22 40 
 22 50 36 41 10 36 86 40 30 28 70 1000 80 60 31 31 88 50 86 94 10 72 41 64 94 28 58 58 20 70 64 
 56 22 40 50 50 72 50 10 14 70 70 41 62 22 50 72 42 64 36 22 81 56 84 41 30 60 80 20 10 58 28 
 80 31 50 20 44 53 60 36 75 36 31 22 40 53 44 42 66 62 30 
 92 86 67 80 80 53 50 89 85 101 10 80 1000 22 75 94 40 94 50 50 80 22 80 64 50 62 70 42 81 58 50 
 56 72 88 31 94 22 102 90 90 14 58 97 28 91 102 44 58 50 103 60 20 56 30 41 84 20 10 100 70 70 100 
 41 75 50 60 106 36 22 53 31 66 50 100 40 110 44 58 36 28 50 
 76 64 56 70 60 31 41 67 72 80 14 60 22 1000 64 72 53 84 60 62 63 14 58 44 44 41 50 22 60 41 31 
 36 50 78 10 72 31 80 70 72 10 60 86 10 70 92 50 36 50 81 40 36 53 44 28 62 10 20 80 50 66 84 
 31 53 28 41 94 14 20 42 22 44 36 80 22 100 22 50 20 30 31 
 22 80 10 10 41 53 100 70 10 58 67 31 76 64 1000 62 70 22 62 72 22 78 70 84 106 50 81 72 50 88 80 
 75 50 14 56 80 60 81 36 28 72 44 22 70 53 28 50 62 41 66 41 70 31 70 36 60 58 80 42 30 28 31 
 92 60 66 31 31 64 53 22 84 60 28 50 42 36 58 20 78 50 36 
 50 28 67 72 22 41 82 14 60 14 85 31 94 72 63 1000 114 80 112 120 41 80 22 53 91 31 44 60 14 62 60 
 50 22 70 62 22 94 20 30 40 81 100 70 70 10 80 98 40 92 10 36 102 86 108 64 10 75 91 31 36 88 50 
 80 20 50 42 70 60 80 64 80 30 56 22 58 80 50 72 70 86 50 
 92 114 60 70 94 78 90 113 80 116 41 89 40 53 70 114 1000 80 14 10 84 60 106 97 90 84 102 75 100 94 84 
 88 92 80 58 120 22 126 97 94 50 31 90 62 108 90 20 86 30 122 78 20 40 10 50 106 44 50 106 80 50 100 
 80 98 80 72 100 66 36 53 70 92 58 111 56 100 72 50 72 28 64 
 31 100 28 14 60 76 122 90 20 72 86 50 94 84 22 80 80 1000 70 80 40 98 90 106 128 72 103 94 70 110 102 
 97 70 10 78 100 75 100 50 41 92 50 14 92 70 10 60 84 50 81 62 84 41 81 56 80 78 100 53 50 30 36 
 114 80 88 53 22 86 72 42 106 81 50 62 64 20 80 36 100 66 58 
 85 116 53 60 92 80 100 114 72 114 50 86 50 60 63 113 14 70 1000 10 80 70 108 103 100 86 107 81 98 100 
 91 
 94 92 70 62 122 30 128 94 88 60 20 80 70 106 80 14 88 22 120 78 31 31 22 50 106 50 60 102 78 40 93 
 90 100 84 70 90 72 41 50 80 94 56 108 58 90 75 44 80 31 64 
 94 122 63 70 100 86 100 120 82 122 50 94 50 63 72 120 10 80 10 1000 88 70 114 106 100 92 111 84 106 103 
 94 
 97 98 80 66 128 31 134 102 97 60 30 90 72 114 90 22 94 31 128 84 30 41 20 56 112 53 60 110 86 50 103 
 90 106 88 78 100 75 44 58 80 100 64 116 64 100 80 53 81 36 70 
 14 60 28 31 20 42 92 50 20 36 70 10 80 63 22 41 85 40 80 89 1000 75 50 72 100 36 66 64 30 78 70 
 64 31 30 53 60 70 60 14 10 72 64 31 66 31 41 66 50 58 44 28 80 50 81 40 40 60 82 22 14 50 22 
 86 41 56 22 36 58 60 31 80 44 30 28 41 44 50 36 72 60 31 
 89 67 70 84 70 40 30 72 86 90 20 72 22 14 78 80 60 98 70 70 76 1000 62 42 31 50 50 22 70 36 28 
 36 60 92 22 75 40 84 81 84 10 72 100 10 80 106 60 41 62 90 50 41 66 50 42 70 22 14 91 63 80 97 
 20 60 31 53 108 20 31 56 10 50 50 90 36 114 30 64 14 41 44 
 63 10 70 80 31 28 60 10 70 36 72 41 80 58 70 22 106 90 108 114 50 63 1000 31 70 22 22 41 22 41 40 
 30 20 80 50 14 84 22 44 53 66 97 81 53 28 91 94 22 88 31 31 92 84 98 58 14 64 75 50 40 91 66 
 60 10 31 41 84 44 70 62 60 14 53 42 50 93 36 72 50 78 44 
 86 30 82 94 56 31 30 41 89 67 58 64 64 44 85 53 98 107 104 107 72 42 31 1000 40 36 10 22 50 10 14 
 10 42 97 41 40 75 50 70 78 50 100 102 36 58 110 91 22 90 62 44 80 90 88 60 44 53 56 78 58 100 92 
 31 36 20 53 108 31 62 70 36 28 60 72 50 116 30 80 28 72 50 
 114 70 100 114 89 58 10 80 113 104 50 94 50 44 106 92 90 128 100 100 100 31 70 40 1000 66 50 36 84 30 
 31 
 41 75 120 50 80 70 90 102 108 41 103 126 36 93 134 91 53 93 101 72 70 97 80 72 81 53 40 111 86 110 122 
 14 72 44 78 134 42 62 86 22 62 78 106 64 140 50 94 28 72 70 
 50 31 50 60 22 10 58 28 53 40 53 28 63 41 50 31 84 72 86 92 36 50 22 36 67 1000 31 31 20 42 36 
 28 10 62 31 36 64 42 36 42 50 75 66 40 30 75 72 14 66 41 10 72 62 78 36 22 44 60 44 22 70 56 
 53 14 22 20 72 30 50 41 50 10 31 41 28 80 20 50 41 56 22 
 80 20 80 92 50 30 40 31 85 58 64 58 70 50 82 44 102 104 107 111 67 50 22 10 50 31 1000 28 42 20 22 
 14 36 93 44 30 80 40 64 72 56 100 97 42 50 106 93 20 91 53 41 86 90 94 60 36 58 64 70 53 100 86 
 41 28 22 50 102 36 66 70 44 22 60 64 50 110 31 80 36 75 50 
 78 44 67 80 53 22 28 50 78 70 36 58 42 22 72 60 76 94 82 85 64 22 41 22 36 31 28 1000 50 20 10 
 14 41 86 20 53 53 62 66 72 28 80 92 14 60 100 70 20 70 70 36 58 70 66 41 50 31 36 75 50 81 86 
 22 40 10 42 98 10 41 53 20 30 44 72 31 106 14 62 10 50 36 
 41 31 53 60 10 30 76 20 50 20 72 20 82 60 50 14 100 70 98 106 30 70 22 50 85 20 42 50 1000 58 53 
 44 10 60 50 30 80 31 22 31 70 86 60 60 10 70 84 31 78 22 22 88 72 94 50 10 62 80 28 22 75 44 
 72 14 41 28 62 50 66 50 70 22 42 22 44 72 40 58 60 72 36 
 92 40 85 98 64 36 20 50 94 76 53 70 58 41 89 63 94 111 101 104 78 36 41 10 30 42 20 20 58 1000 10 
 14 50 102 40 50 72 60 78 84 44 100 108 31 66 116 90 28 90 72 50 75 90 84 60 53 50 50 86 64 100 98 
 22 44 22 58 114 30 60 72 28 36 62 80 50 122 31 81 22 70 53 
 84 41 76 89 58 28 22 50 86 72 44 64 50 31 80 60 85 102 92 94 70 28 40 14 31 36 22 10 53 10 1000 
 10 44 94 30 50 62 60 72 78 36 90 100 22 62 108 80 22 80 70 42 66 80 75 50 50 41 42 80 56 91 92 
 20 41 14 50 106 20 50 63 22 31 53 75 41 114 22 72 14 60 44 
 78 31 72 85 50 22 31 40 80 63 50 56 56 36 76 50 89 98 94 98 64 36 30 10 41 28 14 14 44 14 10 
 1000 36 88 31 41 66 50 64 70 42 90 94 28 53 102 81 14 80 60 36 72 80 80 50 41 44 50 72 50 90 84 
 30 31 10 44 100 22 53 60 31 22 50 66 40 108 20 70 22 62 41 
 44 30 50 60 14 20 67 22 50 30 63 22 72 50 50 22 92 70 92 98 31 60 20 42 76 10 36 41 10 50 44 
 36 1000 60 41 31 72 36 28 36 60 80 62 50 20 72 78 22 72 31 14 80 66 86 42 14 53 70 36 20 72 50 
 62 10 31 22 66 40 58 44 60 14 36 31 36 75 30 53 50 64 28 
 22 90 22 10 50 67 114 80 10 63 80 40 89 78 14 70 80 10 70 80 30 92 80 98 120 63 94 86 60 102 94 
 89 60 1000 70 90 72 90 41 31 86 50 10 84 60 14 60 75 50 72 53 81 40 80 50 70 72 94 44 41 31 28 
 106 70 80 44 20 78 66 36 98 72 42 53 56 22 72 31 92 62 50 
 67 56 50 64 50 22 44 58 64 70 22 50 31 10 56 63 58 78 63 67 53 22 50 41 50 31 44 20 50 40 30 
 31 41 70 1000 64 36 72 60 62 20 60 78 14 60 84 50 28 50 72 30 42 50 50 22 53 14 30 70 41 62 75 
 36 44 22 31 86 10 22 36 28 36 28 70 14 92 14 44 22 31 22 
 70 10 82 90 40 42 70 10 80 36 86 50 94 72 80 22 120 100 122 128 60 76 14 40 80 36 30 53 30 50 50 
 41 31 90 64 1000 98 10 50 60 80 110 90 66 31 100 108 36 102 28 44 106 97 112 72 20 78 88 53 50 103 72 
 70 22 44 53 91 58 84 75 72 28 66 44 64 100 50 84 63 92 58 
 80 92 50 63 76 56 70 92 70 98 20 72 22 31 60 94 22 76 30 31 70 40 84 76 70 64 80 53 80 72 63 
 67 72 72 36 98 1000 106 81 80 30 36 81 41 88 84 22 64 28 102 58 10 36 14 31 86 22 31 91 62 50 90 
 60 78 58 53 91 44 14 40 50 70 41 93 36 94 50 41 50 10 44 
 70 20 85 92 41 50 80 14 80 31 94 50 102 80 82 20 127 100 128 134 60 85 22 50 90 42 40 63 31 60 60 
 50 36 90 72 10 106 1000 50 60 88 116 90 75 30 100 114 44 108 22 50 114 102 120 78 22 86 97 50 53 106 70 
 80 28 53 58 90 66 92 80 81 36 72 41 70 100 58 88 72 98 64 
 20 53 42 44 14 44 94 41 31 22 80 10 90 70 36 30 98 50 94 102 14 82 44 70 102 36 64 67 22 78 72 
 64 28 41 60 50 82 50 1000 10 80 78 40 72 20 50 80 50 72 31 31 91 64 94 50 31 70 90 10 20 64 22 
 88 36 58 30 41 62 70 44 84 42 41 14 50 50 53 50 75 72 40 
 10 63 36 36 22 50 100 50 22 31 80 14 90 72 28 40 94 41 89 98 10 85 53 78 108 42 72 72 31 84 78 
 70 36 31 63 60 80 60 10 1000 81 72 30 75 30 40 75 56 66 41 36 90 58 91 50 41 70 91 14 22 56 14 
 94 44 64 31 31 66 70 41 88 50 40 22 50 41 58 44 80 70 41 
 85 72 64 78 70 41 40 76 80 90 10 70 14 10 72 82 50 92 60 60 72 10 67 50 41 50 56 28 70 44 36 
 42 60 86 20 80 30 89 80 82 1000 62 94 14 80 100 50 44 53 91 50 31 58 41 36 72 14 10 90 60 72 93 
 30 62 36 50 102 22 22 50 20 53 44 90 31 108 31 56 22 31 41 
 67 107 36 41 78 72 101 102 53 98 53 70 58 60 44 100 31 50 20 30 64 72 98 100 104 76 101 80 86 100 90 
 90 80 50 60 111 36 116 78 72 63 1000 60 70 92 60 14 81 10 106 66 42 14 36 41 94 50 66 86 64 20 75 
 91 88 80 58 70 70 41 36 81 84 44 92 50 70 70 28 80 31 53 
 20 92 31 20 50 72 120 80 14 60 89 41 98 86 22 70 90 14 80 90 31 100 82 102 127 67 98 92 60 108 100 
 94 63 10 78 90 82 90 40 30 94 60 1000 92 60 10 70 80 60 70 58 91 50 90 58 70 80 102 41 44 41 22 
 112 72 86 50 10 84 75 44 106 75 50 50 64 14 78 41 98 72 56 
 80 58 64 78 60 30 31 63 78 80 22 63 28 10 70 70 63 92 70 72 67 10 53 36 36 40 42 14 60 31 22 
 28 50 84 14 67 41 76 72 76 14 70 92 1000 70 98 60 31 60 80 41 44 62 53 36 60 20 22 81 53 75 88 
 22 50 22 44 100 10 30 50 14 41 42 80 28 106 20 58 10 40 36 
 40 36 58 63 14 40 85 22 50 10 82 22 92 70 53 10 108 70 106 114 31 80 28 58 94 30 50 60 10 67 63 
 53 20 60 60 31 89 30 20 30 80 92 60 70 1000 70 92 41 84 14 31 97 78 102 58 14 72 90 22 28 80 41 
 81 22 50 36 60 60 75 56 80 31 50 14 53 70 50 64 70 80 44 
 30 101 36 22 60 80 128 90 22 70 94 50 102 92 28 80 90 10 80 90 41 106 92 111 134 76 107 100 70 116 108 
 102 72 14 84 100 85 100 50 40 100 60 10 98 70 1000 70 88 60 80 66 94 50 91 64 80 86 108 50 53 40 31 
 120 81 94 58 14 92 80 50 112 84 56 60 70 10 86 44 106 75 64 
 72 102 41 50 78 67 90 100 60 100 41 72 44 50 50 98 20 60 14 22 67 60 94 92 92 72 94 70 84 90 80 
 82 78 60 50 108 22 114 80 76 50 14 70 60 92 70 1000 75 10 106 64 28 20 22 36 92 40 53 88 64 31 81 
 80 86 72 56 80 60 30 36 70 80 42 94 44 80 62 31 70 20 50 
 64 28 60 72 36 10 44 31 67 50 50 42 58 36 63 40 86 85 89 94 50 41 22 22 53 14 20 20 31 28 22 
 14 22 76 28 36 64 44 50 56 44 82 80 31 41 89 76 1000 72 50 22 70 70 78 41 30 42 53 58 36 80 70 
 41 20 10 31 86 22 50 50 40 10 40 53 31 94 14 60 30 58 30 
 63 98 31 40 70 63 92 94 50 92 44 64 50 50 41 92 30 50 22 31 58 63 89 90 94 67 92 70 78 90 80 
 80 72 50 50 102 28 108 72 67 53 10 60 60 84 60 10 72 1000 98 58 36 10 31 31 86 41 58 80 56 22 72 
 81 80 70 50 70 60 31 28 72 75 36 86 41 70 60 22 70 22 44 
 50 36 72 76 28 50 92 22 63 10 94 36 104 82 67 10 122 82 120 128 44 90 31 63 101 41 53 70 22 72 70 
 60 31 72 72 28 102 22 31 41 92 106 70 80 14 80 106 50 98 1000 44 110 92 116 72 20 84 100 30 42 94 50 
 90 30 60 50 70 70 88 70 90 40 64 20 66 80 60 78 80 94 58 
 42 41 40 50 20 14 64 36 44 41 50 22 60 40 41 36 78 63 78 84 28 50 31 44 72 10 41 36 22 50 42 
 36 14 53 30 44 58 50 31 36 50 67 58 41 31 67 64 22 58 44 1000 66 53 72 28 28 41 60 41 14 60 50 
 58 22 28 10 64 31 44 31 53 20 22 40 22 72 22 41 44 50 14 
 90 98 60 72 85 64 70 100 80 107 22 82 20 36 70 102 20 85 31 30 80 41 92 80 70 72 86 58 89 76 67 
 72 80 82 42 106 10 114 92 90 31 42 92 44 98 94 28 70 36 111 67 1000 44 10 41 94 28 30 100 72 58 100 
 60 86 64 62 100 50 22 50 50 78 50 103 44 103 56 50 53 20 53 
 53 94 22 30 64 60 94 89 41 84 50 56 56 53 31 86 40 41 31 41 50 67 85 90 98 63 90 70 72 90 80 
 80 67 40 50 98 36 102 64 58 58 14 50 63 78 50 20 70 10 92 53 44 1000 41 30 80 44 64 72 50 14 62 
 84 75 70 44 60 60 36 22 75 72 31 78 40 60 60 14 72 28 41 
 90 106 60 70 89 70 80 106 80 111 31 85 30 44 70 108 10 82 22 20 82 50 98 89 80 78 94 67 94 85 76 
 80 86 80 50 113 14 120 94 92 41 36 90 53 102 92 22 78 31 116 72 10 41 1000 44 100 36 40 103 75 53 100 
 70 92 72 66 100 58 28 50 60 84 53 106 50 100 64 50 62 22 58 
 50 67 28 42 44 31 67 64 44 67 31 41 41 28 36 64 50 56 50 56 40 42 58 60 72 36 60 41 50 60 50 
 50 42 50 22 72 31 78 50 50 36 41 58 36 58 64 36 41 31 72 28 41 30 44 1000 56 22 44 60 31 41 60 
 58 50 40 22 66 31 20 14 50 44 10 62 10 72 30 22 44 22 14 
 50 22 63 70 20 31 72 10 60 22 76 30 85 63 60 10 106 80 106 113 40 70 14 44 82 22 36 50 10 53 50 
 41 14 70 53 20 86 22 31 41 72 94 70 60 14 80 92 30 86 20 28 94 80 100 56 1000 66 81 36 31 84 53 
 70 10 40 36 72 50 72 58 70 20 50 28 50 81 41 66 60 78 42 
 72 70 50 64 60 36 50 72 67 82 10 60 20 10 58 76 44 78 50 53 60 22 64 53 53 44 58 31 63 50 41 
 44 53 72 14 78 22 86 70 70 14 50 80 20 72 86 40 42 41 85 41 28 44 36 22 67 1000 22 80 50 58 81 
 41 58 36 40 88 22 10 36 31 50 31 80 20 94 28 42 30 20 30 
 94 80 72 86 80 50 41 85 89 100 14 80 10 20 80 92 50 100 60 60 82 14 76 56 40 60 64 36 80 50 42 
 50 70 94 30 89 31 98 90 92 10 67 102 22 90 108 53 53 58 101 60 30 64 40 44 82 22 1000 100 70 78 103 
 31 72 44 60 110 31 28 58 22 62 53 100 41 116 41 64 28 36 50 
 22 58 50 50 22 53 102 44 36 20 90 20 100 80 42 31 107 53 102 111 22 92 50 78 111 44 70 76 28 86 80 
 72 36 44 70 53 92 50 10 14 90 86 41 82 22 50 89 58 80 30 41 101 72 104 60 36 80 100 1000 30 70 20 
 97 42 66 40 40 72 80 53 94 50 50 10 60 50 62 58 84 81 50 
 28 50 31 40 14 28 78 41 31 36 60 10 70 50 30 36 80 50 78 86 14 63 40 58 86 22 53 50 22 64 56 
 50 20 41 41 50 63 53 20 22 60 64 44 53 28 53 64 36 56 42 14 72 50 76 31 31 50 70 30 1000 53 36 
 72 30 42 10 50 44 50 28 66 31 22 31 30 58 36 36 58 53 20 
 50 101 22 22 67 70 107 94 36 86 64 58 70 67 28 89 50 30 40 50 50 80 92 100 111 70 100 82 76 101 92 
 90 72 31 63 104 50 107 64 56 72 20 41 76 80 40 31 80 22 94 60 58 14 53 41 85 58 78 70 53 1000 58 
 97 81 80 50 50 72 50 30 88 80 40 78 50 50 70 20 84 42 50 
 10 76 41 36 36 64 114 63 22 40 92 28 101 85 31 50 101 36 94 104 22 98 67 92 122 56 86 86 44 98 92 
 84 50 28 76 72 90 70 22 14 94 76 22 89 41 31 82 70 72 50 50 100 63 100 60 53 82 104 20 36 58 1000 
 108 58 78 44 20 80 80 50 102 64 50 30 62 30 72 50 94 80 53 
 100 60 86 100 76 44 10 70 98 92 40 80 41 31 92 80 80 114 90 90 86 20 60 31 14 53 41 22 72 22 20 
 30 63 106 36 70 60 80 89 94 30 92 113 22 82 120 80 41 82 90 58 60 85 70 58 70 41 31 98 72 98 108 
 1000 60 31 64 120 28 50 72 10 50 64 93 50 126 36 80 14 60 56 
 53 20 60 70 22 22 63 14 60 31 67 31 76 53 60 20 98 80 100 106 41 60 10 36 72 14 28 40 14 44 41 
 31 10 70 44 22 78 28 36 44 63 89 72 50 22 82 86 20 80 30 22 86 76 92 50 10 58 72 42 30 82 58 
 60 1000 30 31 75 41 64 53 60 10 44 36 42 84 31 62 50 70 36 
 70 36 63 76 44 14 36 41 72 60 42 50 50 28 67 50 80 89 85 89 56 31 31 20 44 22 22 10 41 22 14 
 10 31 80 22 44 58 53 58 64 36 80 86 22 50 94 72 10 70 60 28 64 70 72 40 40 36 44 67 42 80 78 
 31 30 1000 36 92 14 44 50 30 20 41 62 30 100 10 60 20 53 31 
 36 50 30 41 22 22 70 44 36 44 50 20 60 41 31 42 72 53 70 78 22 53 41 53 78 20 50 42 28 58 50 
 44 22 44 31 53 53 58 30 31 50 58 50 44 36 58 56 31 50 50 10 63 44 67 22 36 40 60 40 10 50 44 
 64 31 36 1000 56 36 41 22 58 30 14 41 20 64 28 31 50 44 10 
 22 94 41 30 53 78 127 82 22 60 98 44 107 94 31 70 100 22 90 100 36 108 85 108 134 72 102 98 63 114 106 
 100 67 20 86 92 92 90 41 31 102 70 10 100 60 14 80 86 70 70 64 101 60 100 67 72 89 111 40 50 50 20 
 120 76 92 56 1000 92 84 53 114 80 58 50 72 10 84 50 106 81 64 
 72 50 58 72 50 20 36 53 70 70 28 53 36 14 64 60 67 86 72 76 58 20 44 31 42 30 36 10 50 30 20 
 22 40 78 10 58 44 67 63 67 22 70 84 10 60 92 60 22 60 70 31 50 60 58 31 50 22 31 72 44 72 80 
 28 41 14 36 92 1000 31 44 22 31 36 70 22 98 10 53 14 41 28 
 70 78 44 58 63 42 60 78 63 85 14 60 22 20 53 80 36 72 41 44 60 31 70 63 63 50 67 41 67 60 50 
 53 58 67 22 84 14 92 70 70 22 41 76 30 76 80 30 50 31 89 44 22 36 28 20 72 10 28 80 50 50 80 
 50 64 44 41 85 31 1000 31 41 56 30 81 22 88 36 36 40 10 31 
 40 72 14 28 42 40 80 67 31 64 44 36 53 42 22 64 53 42 50 58 31 56 63 70 86 41 70 53 50 72 63 
 60 44 36 36 76 40 80 44 41 50 36 44 50 56 50 36 50 28 70 31 50 22 50 14 58 36 58 53 28 30 50 
 72 53 50 22 53 44 31 1000 64 50 10 58 22 58 41 10 58 30 20 
 94 63 78 92 72 41 20 70 92 90 30 76 31 22 84 80 70 106 80 80 80 10 60 36 22 50 44 20 70 28 22 
 31 60 98 28 72 50 82 85 89 20 82 106 14 80 113 70 40 72 90 53 50 76 60 50 70 31 22 94 67 89 102 
 10 60 30 58 114 22 41 64 1000 50 56 91 42 120 31 72 10 50 50 
 58 22 60 70 28 14 53 22 63 41 58 36 67 44 60 30 92 82 94 100 44 50 14 28 63 10 22 30 22 36 31 
 22 14 72 36 28 70 36 42 50 53 85 76 41 31 85 80 10 76 40 20 78 72 84 44 20 50 63 50 31 80 64 
 50 10 20 30 80 31 56 50 50 1000 41 44 36 88 22 60 40 64 31 
 41 63 22 36 36 30 72 58 36 58 41 31 50 36 28 56 58 50 56 64 30 50 53 60 78 31 60 44 42 63 53 
 50 36 42 28 67 41 72 41 40 44 44 50 42 50 56 42 40 36 64 22 50 31 53 10 50 31 53 50 22 40 50 
 64 44 41 14 58 36 30 10 56 41 1000 53 14 64 31 20 50 31 10 
 31 50 56 58 20 50 98 36 44 10 90 22 100 80 50 22 111 63 108 116 28 90 42 72 107 41 64 72 22 80 76 
 67 31 53 70 44 94 41 14 22 90 92 50 80 14 60 94 53 86 20 40 104 78 107 63 28 80 100 10 31 78 30 
 94 36 63 41 50 70 82 58 92 44 53 1000 60 60 60 64 81 84 50 
 53 58 36 50 41 22 58 56 50 63 30 40 40 22 42 58 56 64 58 64 41 36 50 50 64 28 50 31 44 50 41 
 40 36 56 14 64 36 70 50 50 31 50 64 28 53 70 44 31 41 67 22 44 40 50 10 50 20 41 60 30 50 63 
 50 42 30 20 72 22 22 22 42 36 14 60 1000 78 20 31 36 28 10 
 31 104 44 31 63 86 134 92 28 70 102 53 111 100 36 80 100 20 90 100 44 114 94 116 141 80 111 106 72 122 
 114 
 108 76 22 92 101 94 100 50 41 108 70 14 106 70 10 80 94 70 80 72 104 60 101 72 82 94 116 50 58 50 30 
 127 85 100 64 10 98 89 58 120 89 64 60 78 1000 92 53 112 84 70 
 64 42 53 67 41 10 42 44 64 60 36 44 44 22 58 50 72 80 76 80 50 30 36 30 50 20 31 14 40 31 22 
 20 30 72 14 50 50 58 53 58 31 70 78 20 50 86 63 14 60 60 22 56 60 64 30 41 28 41 63 36 70 72 
 36 31 10 28 84 10 36 41 31 22 31 60 20 92 1000 50 22 44 22 
 41 82 10 22 50 50 89 76 30 70 50 42 58 50 20 72 50 36 44 53 36 64 72 80 94 50 80 63 58 82 72 
 70 53 31 44 85 41 89 50 44 56 28 41 58 64 44 31 60 22 78 41 50 14 50 22 67 42 64 58 36 20 50 
 80 63 60 31 50 53 36 10 72 60 20 64 31 53 50 1000 66 31 30 
 86 53 72 86 63 31 22 60 84 80 31 67 36 20 78 70 72 100 80 82 72 14 50 28 28 41 36 10 60 22 14 
 22 50 92 22 63 50 72 76 80 22 80 98 10 70 106 70 30 70 80 44 53 72 63 44 60 30 28 85 58 85 94 
 14 50 20 50 106 14 40 58 10 40 50 82 36 113 22 67 1000 50 42 
 70 86 41 53 67 50 70 84 60 89 22 63 28 30 50 86 28 67 31 36 60 41 78 72 72 56 76 50 72 70 60 
 63 64 63 31 92 10 98 72 70 31 31 72 40 80 76 20 58 22 94 50 20 28 22 22 78 20 36 82 53 42 80 
 60 70 53 44 82 41 10 30 50 64 31 85 28 85 44 31 50 1000 36 
 44 53 31 44 31 20 64 50 42 53 40 30 50 31 36 50 64 58 64 70 31 44 44 50 70 22 50 36 36 53 44 
 41 28 50 22 58 44 64 40 41 41 53 56 36 44 64 50 30 44 58 14 53 41 58 14 42 30 50 50 20 50 53 
 56 36 31 10 64 28 31 20 50 31 10 50 10 70 22 30 42 36 1000 