 80 
 1000 50 60 80 100 110 50 22 30 31 36 58 120 70 100 111 36 94 91 136 50 41 110 148 106 116 84 41 120 60 
 102 
 28 122 112 14 50 100 10 94 10 90 103 62 111 72 114 81 142 97 72 80 92 63 20 14 72 44 22 22 80 41 44 
 126 106 110 80 116 64 92 81 14 90 75 53 110 108 28 98 80 103 64 
 50 1000 14 92 50 116 22 60 53 28 22 44 80 78 58 64 72 81 106 103 72 66 103 111 66 90 50 10 84 64 80 
 31 91 75 60 56 97 50 70 53 41 53 86 90 66 72 75 106 50 50 36 53 14 50 44 92 14 41 36 36 50 75 
 88 90 106 86 70 30 60 31 63 88 63 80 110 80 70 62 31 91 41 
 60 14 1000 106 41 130 36 72 66 31 36 58 84 92 63 64 84 94 120 110 86 80 116 116 72 100 60 22 91 78 90 
 44 100 81 70 70 111 60 80 60 30 50 100 100 80 75 89 113 50 63 22 60 20 63 50 106 28 53 41 41 64 88 
 94 101 120 100 72 41 70 28 70 102 76 94 124 90 82 70 20 104 53 
 80 92 106 1000 130 30 70 60 50 97 72 50 100 14 91 112 50 41 14 94 30 40 42 113 90 72 72 86 90 28 60 
 66 82 90 70 36 28 70 60 90 128 120 22 63 31 100 30 103 106 53 126 81 92 60 91 14 78 63 94 89 44 41 
 100 53 36 10 111 72 70 108 90 22 41 31 31 70 60 80 120 44 58 
 100 50 41 130 1000 148 63 110 101 72 70 80 70 116 53 40 120 106 144 101 116 113 128 100 62 97 64 60 81 
 102 94 
 80 94 72 110 97 126 100 86 101 14 20 128 102 100 60 106 100 31 78 28 58 41 100 91 133 60 90 82 42 94 
 122 
 80 108 134 122 50 58 72 22 110 120 92 125 140 88 120 66 22 114 72 
 110 116 130 30 148 1000 94 90 80 125 97 72 103 41 102 124 80 44 22 90 60 70 30 110 97 70 86 111 91 53 
 63 
 94 80 94 100 62 22 100 66 120 148 136 50 60 50 107 42 100 122 70 150 94 114 90 121 41 102 91 122 106 72 
 70 
 100 50 20 31 119 92 80 126 120 28 56 60 10 72 90 88 142 41 78 
 50 22 36 70 63 94 1000 50 40 41 14 22 70 56 50 62 60 60 84 88 53 50 82 100 56 72 36 20 72 42 60 
 22 75 64 53 36 75 44 50 56 58 60 67 70 44 64 53 94 50 30 56 42 22 41 50 72 10 31 44 31 31 60 
 78 70 84 64 66 14 44 41 64 66 41 62 88 63 60 50 50 70 20 
 22 60 72 60 110 90 50 1000 14 50 40 50 116 50 97 112 14 80 70 126 30 20 94 142 102 106 80 50 114 44 92 
 30 112 108 10 36 81 14 84 31 100 110 41 100 58 111 66 134 100 64 94 88 70 10 36 50 50 20 42 81 28 22 
 122 94 91 60 116 63 86 90 30 72 64 31 90 98 10 94 91 88 58 
 30 53 67 50 101 80 40 14 1000 50 31 36 102 40 84 100 20 66 63 112 22 14 81 128 89 92 67 44 100 31 78 
 22 98 94 22 22 70 20 70 40 93 100 36 86 44 98 53 120 90 50 88 75 60 10 41 44 41 14 44 70 14 22 
 108 80 80 50 103 50 72 80 41 60 50 28 80 84 22 80 84 75 44 
 31 28 31 98 72 126 41 50 50 1000 30 60 108 84 86 92 64 100 111 128 72 64 120 138 94 113 75 22 111 72 
 101 
 31 115 102 44 62 111 36 91 30 60 80 86 111 80 100 90 133 78 70 50 80 42 42 20 94 31 36 10 64 53 70 
 116 110 121 93 98 53 84 58 40 101 80 78 122 103 58 89 50 110 60 
 36 22 36 72 70 98 14 40 31 30 1000 30 84 58 64 75 50 70 86 102 50 44 90 114 70 85 50 14 86 44 72 
 10 89 78 41 36 81 31 63 42 62 70 64 82 50 78 60 108 63 41 58 56 30 30 36 70 10 20 31 44 28 53 
 92 80 91 66 80 28 58 50 50 72 50 58 94 76 50 64 53 80 31 
 58 44 58 50 80 72 22 50 36 60 30 1000 66 36 50 70 53 40 64 78 40 41 60 92 53 58 31 41 64 22 44 
 31 64 58 56 20 53 50 36 67 78 72 50 53 22 62 31 84 60 14 78 41 42 42 62 53 31 36 60 41 22 50 
 72 50 62 42 70 22 36 58 72 44 20 50 66 50 58 44 70 50 10 
 120 80 85 100 70 104 70 116 102 108 84 67 1000 90 22 31 120 60 110 31 103 106 75 31 14 36 36 86 14 81 
 41 
 92 28 10 122 84 81 114 40 126 80 50 110 44 70 10 70 30 40 53 90 28 66 108 120 110 78 100 114 44 89 115 
 10 53 84 90 22 56 31 60 134 80 60 112 93 31 124 22 80 62 58 
 70 78 92 14 116 41 56 50 40 85 58 36 90 1000 80 101 44 36 28 89 22 31 44 106 80 66 60 72 81 14 53 
 53 75 80 60 22 31 60 50 80 114 107 22 58 20 90 22 97 94 41 112 70 78 50 80 20 64 50 81 76 31 36 
 91 50 41 10 100 58 60 94 80 22 30 28 40 63 53 70 106 42 44 
 100 58 63 92 53 102 50 98 85 86 64 50 22 80 1000 22 103 58 103 50 90 91 78 53 10 44 20 64 30 70 42 
 72 41 20 102 70 80 94 36 106 60 36 100 50 60 14 63 50 22 40 70 10 44 89 98 100 56 80 92 22 72 100 
 31 56 86 81 20 36 22 40 114 75 50 100 94 36 106 14 60 64 41 
 111 64 64 114 40 125 63 114 101 92 76 70 31 101 22 1000 120 80 125 62 110 110 100 60 28 64 41 72 44 90 
 64 
 84 58 36 116 90 102 107 58 116 50 20 120 70 81 22 84 60 14 60 63 31 50 103 108 120 67 94 100 31 90 120 
 41 78 108 103 10 50 44 36 124 97 72 120 116 56 122 36 53 86 60 
 36 72 85 50 121 80 60 14 20 64 50 53 120 44 104 121 1000 78 60 128 22 14 88 144 106 106 84 62 116 42 92 
 41 114 111 22 36 75 28 86 44 112 120 30 98 56 115 64 136 110 67 107 94 80 22 50 40 60 31 56 90 31 10 
 125 92 84 53 122 70 89 100 41 66 64 20 81 100 10 97 103 86 63 
 94 82 94 41 106 44 60 80 67 100 70 40 60 36 58 80 78 1000 50 53 56 64 22 72 53 31 42 80 50 36 20 
 70 41 50 88 44 22 84 22 103 108 92 58 22 22 63 14 62 78 31 111 50 75 75 101 53 70 72 100 64 53 70 
 60 14 28 31 75 53 36 86 106 20 20 64 36 30 86 44 102 10 41 
 92 106 120 14 144 22 84 70 63 111 86 64 110 28 104 126 60 50 1000 100 41 50 44 120 101 80 84 100 100 42 
 70 
 80 90 100 80 50 31 81 70 100 142 133 30 70 44 110 41 110 119 66 140 94 106 72 103 20 92 76 107 102 58 
 50 
 110 60 36 22 122 86 82 122 100 30 53 40 28 80 70 91 134 50 72 
 136 104 111 94 101 90 89 127 113 130 102 78 31 89 50 63 128 53 101 1000 108 114 60 20 40 22 53 106 20 
 86 36 
 108 14 30 134 92 70 128 42 144 110 81 110 31 72 41 66 10 70 64 120 50 91 120 138 106 97 114 133 70 98 
 122 
 22 41 70 84 53 75 44 90 150 72 64 116 80 28 134 41 110 50 72 
 50 72 86 30 117 60 53 30 22 72 50 40 104 22 90 110 22 56 41 108 1000 10 66 124 91 86 70 64 97 22 72 
 42 94 94 40 20 53 41 66 60 111 110 14 78 36 100 42 116 100 50 108 80 75 31 62 22 58 36 66 80 22 14 
 107 70 62 31 110 60 72 94 60 44 44 10 60 80 31 81 102 64 50 
 41 67 80 40 114 70 50 20 14 64 44 41 107 31 92 110 14 64 50 114 10 1000 75 130 94 92 72 58 102 28 78 
 36 100 97 30 22 62 31 72 50 106 110 22 84 42 103 50 122 100 53 102 82 72 22 53 31 53 28 58 80 20 10 
 111 78 72 41 111 60 75 91 50 53 50 14 70 86 22 84 97 72 50 
 111 104 117 42 128 30 82 94 82 120 90 60 76 44 78 100 89 22 44 60 67 76 1000 80 72 41 64 101 62 50 36 
 90 50 66 103 60 14 100 42 120 130 112 64 31 40 80 30 70 98 53 133 70 97 91 120 56 91 90 120 86 70 80 
 72 22 10 36 94 75 56 108 122 22 41 72 20 44 97 64 124 14 63 
 148 111 117 114 100 110 100 142 128 138 114 92 31 107 53 60 144 72 121 20 125 130 80 1000 44 41 64 116 
 28 102 53 
 120 31 36 148 108 90 140 58 156 110 80 128 50 88 41 84 10 70 78 120 58 97 134 150 125 108 126 144 75 
 114 138 
 22 60 90 103 50 86 56 91 162 91 80 133 100 44 150 50 110 70 84 
 106 67 72 90 63 98 56 102 89 94 70 53 14 80 10 28 107 53 101 40 92 94 72 44 1000 36 22 72 20 70 36 
 78 31 10 108 72 75 100 31 112 70 44 100 42 60 10 60 41 31 41 80 14 53 94 106 100 64 86 100 31 75 103 
 22 50 80 80 22 42 20 50 120 72 50 101 89 28 111 10 70 58 44 
 116 90 100 72 98 70 72 106 92 114 85 58 36 67 44 64 106 31 80 22 86 92 41 41 36 1000 40 91 22 64 14 
 88 10 28 114 70 50 108 22 124 103 80 88 10 50 42 44 31 66 44 110 41 80 100 119 84 82 94 116 60 78 100 
 31 20 50 62 56 60 30 81 130 50 42 94 60 10 112 31 100 30 53 
 84 50 60 72 64 86 36 80 67 76 50 31 36 60 20 41 85 42 85 53 70 72 64 64 22 40 1000 53 36 50 31 
 56 41 28 86 50 64 78 22 92 66 50 80 41 41 31 44 58 36 20 72 10 40 72 86 80 44 64 80 22 53 81 
 42 44 70 62 40 22 10 44 98 58 31 80 78 30 89 14 63 50 22 
 41 10 22 86 60 111 20 50 44 22 14 41 86 72 64 72 63 80 100 107 64 58 101 116 72 92 53 1000 89 58 80 
 22 93 80 50 50 94 40 70 44 50 63 78 90 62 78 72 111 58 50 44 58 22 41 36 84 10 31 28 42 42 66 
 94 90 103 80 78 31 62 41 53 84 60 72 107 81 60 67 41 90 40 
 120 85 92 90 82 92 72 114 100 111 86 64 14 82 30 44 116 50 100 20 98 102 63 28 20 22 36 89 1000 75 30 
 92 14 10 120 80 70 112 31 128 90 63 103 31 62 22 60 22 50 50 100 31 72 106 122 101 80 98 116 50 86 111 
 10 41 72 80 36 58 28 70 134 70 53 106 81 20 122 22 90 50 56 
 60 64 78 28 102 53 42 44 31 72 44 22 82 14 70 90 42 36 42 86 22 28 50 102 70 64 50 58 76 1000 50 
 41 72 72 53 10 40 50 44 70 100 94 30 56 14 80 22 94 82 30 98 60 64 41 70 31 50 40 70 63 20 36 
 85 50 50 22 90 44 50 80 72 30 22 31 50 58 50 60 92 44 31 
 102 80 90 60 94 63 60 92 78 101 72 44 41 53 42 64 92 20 70 36 72 78 36 53 36 14 31 80 30 50 1000 
 75 22 31 100 56 41 94 10 111 97 78 75 10 36 44 31 44 64 31 103 36 70 86 106 72 70 80 103 53 64 86 
 40 14 44 50 58 50 22 75 116 40 28 80 53 10 98 28 94 22 41 
 28 31 44 67 80 94 22 30 22 31 10 31 92 53 72 85 41 70 80 108 42 36 90 120 78 89 56 22 92 41 76 
 1000 94 84 31 31 80 22 66 36 72 80 56 84 50 86 60 114 72 44 66 64 40 20 31 64 20 10 30 53 22 44 
 98 81 90 62 88 36 64 60 42 70 50 50 91 80 40 70 62 80 36 
 122 92 100 82 94 80 76 113 98 117 89 64 28 76 41 58 114 41 90 14 94 100 50 31 31 10 41 94 14 72 22 
 94 1000 22 120 78 60 114 28 130 100 75 97 20 58 36 53 22 62 50 110 40 80 106 125 94 84 100 120 60 84 
 108 
 22 30 60 72 50 62 31 80 136 60 50 102 70 14 120 30 100 40 58 
 113 76 82 90 72 94 64 108 94 102 78 58 10 80 20 36 111 50 100 30 94 98 67 36 10 28 28 80 10 72 31 
 84 22 1000 114 75 72 106 30 120 80 53 100 36 60 14 60 31 41 44 90 22 62 100 114 100 72 92 108 41 80 106 
 14 44 75 80 28 50 22 60 126 70 50 103 84 22 116 14 80 53 50 
 14 60 70 70 110 100 53 10 22 44 41 56 122 60 102 117 22 89 80 134 40 30 104 148 108 114 86 50 120 53 
 100 
 31 120 114 1000 44 91 10 92 22 100 110 50 108 66 116 75 140 103 70 91 94 70 14 28 60 50 22 36 84 36 31 
 128 102 101 70 119 66 92 90 20 82 72 41 100 106 14 100 90 97 64 
 50 56 70 36 98 63 36 36 22 63 36 20 85 22 70 90 36 44 50 92 20 22 60 108 72 70 50 50 80 10 56 
 31 78 76 44 1000 50 41 50 60 94 91 31 64 22 81 31 100 80 31 92 60 58 31 60 36 42 30 60 60 10 31 
 89 58 60 31 90 41 53 75 62 40 28 30 60 64 42 62 86 53 30 
 100 98 111 28 127 22 76 82 70 111 82 53 82 31 80 102 76 22 31 70 53 63 14 90 76 50 64 94 70 40 41 
 80 60 72 92 50 1000 90 44 110 128 114 50 40 31 85 22 80 100 50 130 72 94 80 110 42 84 80 110 84 60 66 
 80 30 10 22 97 72 58 106 111 10 36 58 14 50 84 66 122 20 58 
 10 50 60 70 100 100 44 14 20 36 31 50 114 60 94 107 28 85 82 128 41 31 101 141 100 108 78 40 113 50 94 
 22 114 106 10 41 90 1000 86 20 90 101 53 102 62 108 72 134 94 64 82 86 60 10 22 62 41 14 28 75 31 36 
 120 98 100 70 110 58 84 80 22 80 66 44 100 100 22 92 80 93 56 
 94 70 80 60 86 67 50 84 70 92 63 36 40 50 36 58 86 22 70 42 67 72 42 58 31 22 22 70 31 44 10 
 67 28 30 92 50 44 86 1000 102 88 70 72 20 31 41 30 50 56 22 94 28 60 78 97 70 60 72 94 44 56 80 
 41 22 50 50 53 40 14 66 108 41 22 75 58 14 92 22 85 28 31 
 10 53 60 90 101 120 56 31 40 30 42 67 127 80 106 116 44 104 101 144 60 50 121 156 113 125 92 44 128 70 
 111 
 36 130 120 22 60 110 20 102 1000 90 106 72 120 81 120 91 150 102 80 80 98 66 30 10 81 50 31 20 86 50 53 
 134 115 120 90 122 70 100 84 10 100 84 62 120 116 36 106 80 112 72 
 90 41 30 128 14 148 58 101 94 60 63 78 80 114 60 50 114 108 142 110 111 107 130 110 70 104 67 50 90 100 
 98 
 72 101 80 100 94 128 90 89 90 1000 31 124 106 98 70 106 110 40 78 14 62 36 91 80 130 53 81 70 44 89 115 
 90 110 136 120 60 56 75 22 100 120 92 120 142 94 110 72 10 116 70 
 104 53 50 120 20 136 60 110 100 80 70 72 50 107 36 20 120 92 134 82 111 110 113 80 44 80 50 63 63 94 78 
 80 76 53 111 92 114 101 70 107 31 1000 122 86 89 41 94 80 14 67 44 42 41 100 97 125 60 90 88 31 90 120 
 60 92 120 111 30 50 56 22 116 108 80 120 128 72 120 50 36 98 63 
 63 86 100 22 130 50 67 41 36 86 64 50 111 22 100 120 30 58 30 111 14 22 64 130 100 89 80 78 104 30 76 
 56 98 101 50 31 50 53 72 72 125 123 1000 80 41 110 44 119 110 60 122 90 89 44 75 10 72 50 80 91 36 20 
 112 72 58 28 120 72 80 106 70 42 50 10 53 84 40 90 116 64 60 
 111 90 100 63 102 60 70 100 86 111 82 53 44 58 50 70 98 22 70 31 78 84 31 50 42 10 41 90 31 56 10 
 85 20 36 108 64 40 102 20 120 107 86 80 1000 42 50 36 41 72 41 113 44 80 94 116 75 80 89 113 62 72 92 
 41 10 41 53 64 60 31 84 124 41 36 86 50 14 106 36 103 20 50 
 72 67 80 31 100 50 44 58 44 80 50 22 70 20 60 82 56 22 44 72 36 42 40 89 60 50 41 63 63 14 36 
 50 58 60 67 22 31 63 31 82 98 89 41 42 1000 70 10 80 75 22 100 50 64 53 80 40 53 50 80 58 31 50 
 72 36 41 22 80 42 40 78 84 22 10 44 44 44 64 50 92 31 28 
 114 72 76 100 60 107 64 111 98 100 78 63 10 90 14 22 117 63 111 41 101 104 80 41 10 42 31 78 22 80 44 
 86 36 14 116 82 85 108 41 120 70 41 110 50 70 1000 70 40 30 50 80 22 58 102 112 110 70 94 106 36 84 112 
 20 58 88 90 14 50 30 50 128 81 60 110 97 36 119 20 70 66 53 
 82 76 89 30 106 42 53 67 53 90 60 31 70 22 63 85 64 14 41 67 42 50 30 85 60 44 44 72 60 22 31 
 60 53 60 76 31 22 72 30 92 106 94 44 36 10 70 1000 75 80 28 108 53 72 62 90 41 62 60 90 64 41 56 
 70 28 31 20 81 50 41 84 93 14 14 50 36 41 72 50 100 22 36 
 142 107 114 104 100 100 94 134 120 134 108 84 30 98 50 60 136 63 111 10 116 122 70 10 41 31 58 111 22 
 94 44 
 114 22 31 141 100 80 134 50 150 110 80 120 41 80 40 76 1000 70 70 120 53 93 126 144 115 102 120 138 72 
 106 130 
 20 50 80 93 50 80 50 90 156 81 72 124 90 36 142 44 110 60 78 
 98 50 50 107 31 122 50 101 90 78 63 60 40 94 22 14 110 78 120 70 100 100 98 70 31 67 36 58 50 82 64 
 72 63 41 104 80 100 94 56 102 40 14 111 72 76 30 80 70 1000 53 50 28 36 91 94 113 53 81 86 20 80 110 
 50 78 106 97 22 40 42 22 111 94 66 110 114 58 110 36 41 84 50 
 72 50 63 53 78 70 30 64 50 70 41 14 53 41 40 60 67 31 67 64 50 53 53 78 41 44 20 50 50 30 31 
 44 50 44 70 31 50 64 22 80 78 67 60 41 22 50 28 70 53 1000 80 30 44 56 75 60 40 50 72 36 36 62 
 58 40 58 44 60 22 22 56 86 42 14 60 64 36 72 31 72 41 10 
 80 36 22 127 28 150 56 94 89 50 58 78 90 113 70 63 107 111 141 120 108 102 134 121 80 111 72 44 100 98 
 104 
 67 110 90 92 92 130 82 94 80 14 44 122 114 100 80 108 120 50 80 1000 70 36 85 70 128 50 75 60 50 86 110 
 100 116 138 120 72 58 81 30 90 122 94 116 144 100 104 80 10 120 72 
 92 53 60 82 58 94 42 89 76 80 56 41 28 70 10 31 94 50 94 50 80 82 70 58 14 41 10 58 31 60 36 
 64 40 22 94 60 72 86 28 98 63 42 90 44 50 22 53 53 28 30 70 1000 41 80 92 90 50 72 86 20 63 91 
 36 50 78 72 30 28 14 41 106 67 41 90 86 31 97 10 60 56 31 
 63 14 20 92 41 114 22 70 60 42 30 42 67 78 44 50 80 76 106 92 76 72 98 98 53 80 40 22 72 64 70 
 40 80 63 70 58 94 60 60 67 36 41 89 80 64 58 72 94 36 44 36 41 1000 60 58 94 20 50 50 22 53 81 
 75 82 102 84 56 22 50 20 75 86 58 84 108 70 80 50 28 85 36 
 20 50 63 60 100 90 41 10 10 42 30 42 108 50 89 104 22 76 72 120 31 22 92 134 94 100 72 41 106 41 86 
 20 106 100 14 31 80 10 78 30 92 100 44 94 53 102 63 127 92 56 85 80 60 1000 31 53 40 10 36 72 22 28 
 114 89 90 60 106 53 78 80 31 70 58 36 90 92 20 86 81 84 50 
 14 44 50 92 92 121 50 36 41 20 36 63 120 80 98 108 50 101 104 138 63 53 120 150 106 120 86 36 122 70 
 107 
 31 125 114 28 60 110 22 98 10 80 98 76 117 80 113 90 144 94 76 70 92 58 31 1000 84 42 30 10 78 50 58 
 128 112 120 90 114 64 94 75 20 100 81 66 120 111 42 100 70 111 67 
 72 92 106 14 134 41 72 50 44 94 70 53 110 20 100 121 40 53 20 107 22 31 56 126 100 85 80 84 101 31 72 
 64 94 100 60 36 42 63 70 82 130 126 10 76 40 110 41 117 114 60 128 90 94 53 85 1000 78 58 88 94 42 30 
 110 66 50 22 120 75 80 111 80 36 50 20 44 82 50 90 122 58 63 
 44 14 28 78 60 102 10 50 41 31 10 31 78 64 56 67 60 70 92 98 58 53 92 108 64 82 44 10 80 50 70 
 20 85 72 50 42 85 41 60 50 53 60 72 80 53 70 63 102 53 40 50 50 20 40 42 78 1000 30 36 36 36 62 
 86 80 94 72 72 22 53 40 58 75 50 67 97 72 60 58 44 80 30 
 22 41 53 63 90 92 31 20 14 36 20 36 100 50 80 94 31 72 76 114 36 28 90 127 86 94 64 31 98 40 80 
 10 100 92 22 30 80 14 72 31 82 90 50 89 50 94 60 120 82 50 76 72 50 10 30 58 30 1000 31 62 20 36 
 106 84 90 60 97 44 70 70 36 70 53 42 90 86 30 78 72 81 42 
 22 36 41 94 82 123 44 42 44 10 31 60 114 82 92 100 56 100 107 134 67 58 120 144 100 117 80 28 116 70 
 104 
 30 120 108 36 60 110 28 94 20 70 89 80 114 80 106 90 138 86 72 60 86 50 36 10 89 36 31 1000 70 50 64 
 122 110 120 91 106 58 88 66 30 100 80 72 120 107 50 94 60 110 63 
 80 36 41 89 42 106 31 82 70 64 44 41 44 76 22 31 90 64 102 70 80 80 86 76 31 60 22 42 50 63 53 
 53 60 41 85 60 84 76 44 86 44 31 92 63 58 36 64 72 20 36 50 20 22 72 78 94 36 63 70 1000 60 90 
 53 66 92 80 36 20 31 22 94 78 50 90 98 50 91 30 41 72 31 
 41 50 64 44 94 72 31 28 14 53 28 22 89 31 72 90 31 53 58 98 22 20 70 114 76 78 53 42 86 20 64 
 22 84 80 36 10 60 31 56 50 89 90 36 72 31 85 41 106 80 36 86 63 53 22 50 42 36 20 50 60 1000 30 
 94 67 70 41 91 40 58 72 53 50 36 31 70 70 36 66 80 62 31 
 44 76 89 41 123 70 60 22 22 70 53 50 117 36 101 120 10 70 50 122 14 10 80 138 104 100 82 67 111 36 86 
 44 108 107 31 31 67 36 80 53 117 120 20 92 50 114 56 130 110 63 111 92 82 28 58 30 63 36 64 90 30 1000 
 120 84 75 44 120 70 84 101 50 58 58 10 72 94 20 94 106 78 60 
 127 89 94 100 80 101 78 122 108 116 92 72 10 92 31 41 125 60 110 22 107 111 72 22 22 31 42 94 10 85 40 
 98 22 14 128 89 80 120 41 134 90 60 114 41 72 20 70 20 50 58 100 36 76 114 128 111 86 106 122 53 94 120 
 1000 50 81 90 31 64 36 70 140 80 63 116 91 30 130 28 90 60 64 
 107 90 101 53 108 50 70 94 80 110 80 50 53 50 56 78 92 14 60 41 70 78 22 60 50 20 44 90 41 50 14 
 82 30 44 102 58 30 98 22 117 111 92 72 10 36 58 28 50 78 40 117 50 82 89 114 67 80 85 111 67 67 84 
 50 1000 31 44 72 60 36 88 119 31 31 78 41 22 100 42 107 10 50 
 110 107 120 36 134 20 85 92 80 121 92 63 85 41 86 108 85 28 36 70 63 72 10 90 80 50 70 104 72 50 44 
 90 60 76 101 60 10 100 50 120 136 120 58 41 41 89 31 80 106 58 138 78 102 90 120 50 94 90 120 92 70 76 
 82 31 1000 31 102 80 64 114 121 20 44 67 10 53 93 72 130 22 67 
 80 86 100 10 122 31 64 60 50 94 67 42 90 10 82 104 53 31 22 85 31 41 36 104 80 63 63 80 80 22 50 
 63 72 80 70 31 22 70 50 90 120 111 28 53 22 90 20 94 98 44 120 72 84 60 90 22 72 60 92 80 41 44 
 90 44 31 1000 101 64 60 100 90 14 31 36 30 60 62 70 112 36 50 
 116 70 72 111 50 120 67 117 104 98 80 70 22 100 20 10 123 76 123 53 110 111 94 50 22 56 40 78 36 90 58 
 89 50 28 120 90 98 111 53 122 60 30 120 64 80 14 82 50 22 60 72 30 56 107 114 120 72 98 106 36 92 121 
 31 72 102 101 1000 53 41 44 130 93 70 120 111 50 125 31 63 80 60 
 64 30 41 72 58 92 14 63 50 53 28 22 56 58 36 50 70 53 86 76 60 60 76 86 42 60 22 31 58 44 50 
 36 63 50 67 41 72 58 40 70 56 50 72 60 42 50 50 80 40 22 58 28 22 53 64 76 22 44 58 20 40 70 
 64 60 80 64 53 1000 31 36 78 64 36 70 86 50 72 36 50 63 14 
 92 60 70 70 72 80 44 86 72 85 58 36 31 60 22 44 89 36 82 44 72 76 56 56 20 30 10 63 28 50 22 
 64 31 22 92 53 58 84 14 100 76 56 80 31 40 30 41 50 42 22 82 14 50 78 94 80 53 70 89 31 58 85 
 36 36 64 60 41 31 1000 53 106 53 30 81 72 20 94 10 72 42 28 
 82 31 28 108 22 127 41 90 80 58 50 58 60 94 40 36 100 86 122 90 94 92 108 92 50 82 44 41 70 80 76 
 60 80 60 90 76 106 80 67 85 22 22 107 85 78 50 84 90 22 56 30 41 20 80 76 111 40 70 67 22 72 101 
 70 89 114 100 44 36 53 1000 94 98 70 103 120 72 100 50 20 94 50 
 14 63 70 90 111 120 64 30 41 40 50 72 134 80 114 125 41 107 100 150 60 50 123 162 120 130 98 53 134 72 
 116 
 42 136 127 20 63 111 22 108 10 100 117 70 125 85 128 94 156 111 86 90 106 76 31 20 80 58 36 30 94 53 50 
 141 120 121 90 130 78 106 94 1000 101 88 60 120 122 31 112 90 115 78 
 90 89 102 22 120 28 67 72 60 101 72 44 80 22 76 98 67 20 30 72 44 53 22 92 72 50 58 85 70 30 40 
 70 60 70 82 40 10 80 41 100 120 108 42 41 22 82 14 82 94 42 122 67 86 70 100 36 76 70 100 78 50 58 
 80 31 20 14 94 64 53 98 101 1000 28 50 22 50 75 62 114 22 50 
 76 63 76 41 92 56 41 64 50 80 50 20 60 30 50 72 64 20 53 64 44 50 41 80 50 42 31 60 53 22 28 
 50 50 50 72 28 36 67 22 85 92 80 50 36 10 60 14 72 67 14 94 41 58 58 82 50 50 53 80 50 36 58 
 63 31 44 31 70 36 30 70 89 28 1000 53 50 36 70 40 86 30 22 
 53 80 94 31 126 60 63 31 28 78 58 50 114 28 100 120 20 64 40 116 10 14 72 134 101 94 80 72 107 31 80 
 50 102 104 41 30 58 44 76 63 120 121 10 86 44 111 50 125 110 60 116 90 85 36 67 20 67 42 72 90 31 10 
 117 78 67 36 120 70 82 104 60 50 53 1000 62 88 30 91 111 70 60 
 110 111 125 31 141 10 89 90 80 123 94 67 94 40 94 116 82 36 28 80 60 70 20 100 89 60 78 107 82 50 53 
 92 70 85 100 60 14 100 58 120 142 128 53 50 44 98 36 90 114 64 144 86 108 90 120 44 98 90 121 98 70 72 
 92 41 10 30 111 86 72 120 120 22 50 63 1000 62 91 80 136 31 72 
 108 80 90 70 89 72 63 98 84 104 76 50 31 63 36 56 100 30 80 28 80 86 44 44 28 10 30 82 20 58 10 
 80 14 22 106 64 50 100 14 116 94 72 85 14 44 36 41 36 58 36 101 31 70 92 111 82 72 86 107 50 70 94 
 30 22 53 60 50 50 20 72 122 50 36 89 63 1000 106 22 91 31 44 
 28 70 82 60 120 90 60 10 22 58 50 58 125 53 107 123 10 86 70 134 31 22 98 150 111 113 89 60 122 50 98 
 40 120 116 14 42 85 22 92 36 111 120 40 106 64 120 72 142 111 72 104 98 80 20 42 50 60 30 50 92 36 20 
 130 100 94 63 126 72 94 100 31 76 70 30 92 106 1000 102 101 94 67 
 98 63 70 80 67 89 50 94 80 89 64 44 22 70 14 36 98 44 92 41 82 85 64 50 10 31 14 67 22 60 28 
 70 30 14 100 63 67 92 22 106 72 50 90 36 50 20 50 44 36 31 80 10 50 86 100 90 58 78 94 30 67 94 
 28 42 72 70 31 36 10 50 113 63 40 92 80 22 102 1000 70 50 36 
 80 31 20 120 22 142 50 92 85 50 53 70 80 106 60 53 104 102 134 110 102 98 125 111 70 101 63 41 90 92 94 
 63 100 80 90 86 122 80 85 80 10 36 116 104 92 70 100 110 41 72 10 60 28 82 70 122 44 72 60 41 80 107 
 90 107 130 113 63 50 72 20 90 114 86 111 136 92 101 70 1000 111 64 
 104 92 104 44 114 41 70 89 76 110 80 50 63 42 64 86 86 10 50 50 64 72 14 70 58 30 50 90 50 44 22 
 80 40 53 98 53 20 94 28 114 116 98 64 20 31 67 22 60 84 41 120 56 85 85 111 58 80 82 110 72 63 78 
 60 10 22 36 80 63 42 94 117 22 30 70 31 31 94 50 111 1000 50 
 64 41 53 58 72 78 20 58 44 60 31 10 58 44 41 60 63 41 72 72 50 50 63 84 44 53 22 40 56 31 41 
 36 58 50 64 30 58 56 31 72 70 63 60 50 28 53 36 78 50 10 72 31 36 50 67 63 30 42 63 31 31 60 
 64 50 67 50 60 14 28 50 78 50 22 60 72 44 67 36 64 50 1000 
