 80 
 1000 50 44 106 78 10 103 31 30 41 53 84 50 70 53 100 30 60 10 103 70 88 62 42 97 84 72 90 36 75 28 
 58 84 31 78 70 58 70 90 42 100 41 36 110 60 81 31 102 14 106 50 122 22 56 40 60 40 92 22 114 80 81 
 62 60 50 67 70 80 14 72 50 36 94 58 66 90 64 91 93 63 53 
 50 1000 50 56 31 44 84 22 31 40 50 36 44 50 28 50 72 44 56 60 50 41 22 10 50 40 31 58 14 41 22 
 22 72 66 28 56 60 42 53 60 72 20 50 62 50 64 30 53 50 60 36 72 28 10 41 36 30 44 44 64 31 41 
 36 28 31 31 36 56 36 22 14 20 44 10 20 64 20 50 50 53 14 
 44 50 1000 97 80 50 60 31 22 10 10 81 80 31 72 88 41 22 41 78 94 72 44 50 78 64 50 53 41 90 44 
 70 41 31 72 97 14 36 58 14 60 30 10 92 88 40 58 86 31 84 75 108 36 60 72 28 20 91 22 102 66 56 
 81 36 22 80 42 41 42 62 60 53 80 50 53 50 70 64 70 20 41 
 106 56 98 1000 31 100 100 78 86 88 93 22 81 80 62 10 128 81 112 44 70 30 53 64 31 40 50 70 70 50 78 
 53 100 122 28 80 103 70 60 110 81 72 102 28 80 90 80 22 106 36 72 20 84 50 84 72 80 20 100 10 31 50 
 60 62 75 50 60 80 92 36 58 72 20 50 44 80 44 50 41 91 58 
 78 31 80 31 1000 70 102 53 62 70 80 10 50 72 31 30 102 70 86 58 41 36 41 36 44 42 44 72 44 22 50 
 22 94 97 14 50 90 62 64 91 86 50 81 50 50 84 50 41 80 53 41 50 58 22 53 60 60 14 75 41 28 50 
 30 50 60 20 53 75 64 22 28 42 31 30 31 80 14 56 50 80 40 
 10 44 50 100 70 1000 106 30 31 44 58 78 40 72 44 94 40 62 20 101 60 84 60 36 93 81 70 90 31 66 22 
 50 88 41 72 60 64 70 90 50 100 40 42 106 50 84 22 97 22 103 41 116 20 50 30 60 41 84 28 108 75 80 
 53 60 50 58 70 81 10 66 42 28 88 53 62 91 56 90 91 66 50 
 104 84 60 101 102 107 1000 80 75 63 50 97 128 36 112 91 100 44 100 60 134 72 64 92 70 62 58 31 86 122 
 94 
 106 20 90 88 140 50 42 41 70 20 72 70 80 134 22 108 80 91 70 120 100 88 92 122 50 66 106 81 100 75 53 
 120 56 58 114 50 28 97 80 98 100 81 78 72 22 100 50 60 41 70 
 31 22 31 78 53 30 80 1000 10 22 36 58 50 44 41 70 50 36 36 72 63 58 31 20 66 53 41 60 10 60 14 
 40 64 44 50 66 44 41 60 40 72 10 30 80 58 58 28 72 28 75 44 92 10 31 42 31 14 66 22 84 50 50 
 50 30 22 50 40 53 20 42 30 22 64 28 36 62 41 60 62 42 22 
 30 31 22 86 63 31 76 10 1000 14 28 66 58 41 50 78 42 31 31 75 72 64 36 30 72 58 44 60 20 70 22 
 50 58 36 58 75 36 40 60 30 70 14 20 86 66 53 36 78 22 80 53 98 14 41 50 30 10 75 14 92 56 53 
 60 31 20 60 41 50 22 50 40 31 70 36 42 60 50 62 66 36 28 
 41 40 10 89 70 44 63 22 14 1000 14 72 72 30 62 80 44 20 40 72 84 64 36 41 70 56 42 50 31 80 36 
 60 44 36 63 88 22 31 53 22 60 20 14 84 80 41 50 78 30 78 66 100 28 50 64 22 10 81 20 94 58 50 
 72 28 14 70 36 40 36 53 50 44 72 41 44 50 60 58 64 22 31 
 53 50 10 94 80 58 50 36 28 14 1000 80 86 22 75 84 50 14 50 70 97 66 41 53 72 58 44 44 44 91 50 
 72 31 41 70 102 10 28 50 22 50 31 20 86 94 30 64 80 41 78 80 102 42 60 78 22 22 90 31 97 62 50 
 84 31 20 81 36 31 50 60 62 58 75 50 50 41 70 56 64 10 40 
 84 36 82 22 10 78 98 58 67 72 80 1000 60 70 41 20 108 70 92 50 50 28 40 42 36 36 41 66 50 31 56 
 31 91 102 10 60 90 60 58 94 80 53 84 41 60 81 58 31 86 44 50 41 64 28 62 60 62 10 80 31 22 44 
 40 50 60 30 50 72 70 20 36 50 22 31 30 75 22 50 42 80 41 
 50 44 80 82 50 40 128 50 58 72 86 60 1000 92 20 80 80 84 60 100 22 80 66 36 90 81 75 102 42 36 36 
 30 112 80 60 20 94 86 97 84 116 56 75 100 10 106 22 90 60 100 10 100 44 41 10 78 64 62 63 91 70 84 
 22 72 70 31 80 100 41 60 31 28 80 53 62 108 40 93 91 92 58 
 70 50 31 80 72 72 36 44 41 30 22 70 92 1000 78 70 72 10 70 50 100 50 31 56 53 41 30 22 50 88 58 
 72 22 62 60 106 28 10 28 44 30 36 41 66 98 14 72 62 60 58 84 84 53 58 86 14 31 80 50 81 50 31 
 86 22 22 80 20 10 62 50 64 64 60 44 41 20 66 36 44 14 36 
 53 28 72 63 31 44 113 41 50 63 76 41 20 78 1000 60 81 72 63 81 22 60 50 22 70 62 58 86 31 22 30 
 10 100 80 40 28 84 70 80 80 100 44 70 80 22 92 22 70 60 80 10 81 40 22 22 64 53 44 60 72 50 66 
 10 56 58 14 64 84 41 41 14 20 60 36 44 92 20 75 72 80 42 
 100 50 89 10 30 94 92 70 78 80 85 20 80 70 60 1000 120 72 106 36 70 20 44 58 22 30 41 60 64 50 72 
 50 90 114 22 80 94 60 50 102 72 64 94 22 80 80 75 14 98 28 70 22 78 44 81 62 72 22 92 14 22 40 
 60 53 66 50 50 70 86 28 53 66 10 42 36 70 41 41 31 81 50 
 30 72 41 128 102 40 100 50 42 44 50 108 80 72 82 120 1000 62 20 116 100 106 78 66 114 100 86 94 58 103 
 53 
 84 80 10 100 100 50 75 97 30 100 56 31 128 90 80 60 120 22 122 80 140 44 80 70 66 50 116 28 134 98 94 
 91 72 58 94 80 81 41 92 75 62 112 78 84 91 88 102 108 60 70 
 60 44 22 82 70 63 44 36 31 20 14 70 84 10 72 72 63 1000 60 56 94 53 30 50 58 44 31 31 42 84 50 
 66 28 53 60 100 22 14 36 36 40 28 31 72 92 22 64 66 50 64 78 88 44 53 78 10 22 80 40 84 50 36 
 80 20 14 75 22 20 53 50 58 56 62 41 40 30 63 42 50 10 31 
 10 56 41 113 86 20 101 36 31 40 50 92 60 70 63 106 20 60 1000 106 80 94 66 50 102 88 75 90 42 85 36 
 66 81 22 84 80 53 70 91 36 100 44 31 116 70 80 41 108 10 110 60 128 28 64 50 60 41 100 20 120 86 84 
 72 62 50 75 72 80 22 78 58 44 100 64 72 90 72 93 97 60 58 
 104 60 78 44 58 101 60 72 76 72 70 50 101 50 82 36 116 56 107 1000 97 22 41 70 14 20 31 31 70 80 80 
 72 62 108 44 106 78 42 22 92 40 62 86 20 103 53 90 22 97 10 91 40 81 60 100 50 66 56 88 41 31 22 
 84 44 58 75 36 44 91 41 70 80 28 50 40 41 62 14 10 64 50 
 70 50 94 70 41 60 134 63 72 85 98 50 22 100 22 70 100 94 80 98 1000 75 70 44 84 80 78 106 53 20 50 
 28 122 100 53 10 106 92 100 100 120 66 91 91 14 114 40 81 80 94 20 90 60 42 31 86 75 50 80 80 66 86 
 14 78 80 22 84 106 60 58 36 41 72 56 64 112 36 94 88 102 64 
 89 41 72 30 36 85 72 58 64 64 67 28 80 50 60 20 106 53 94 22 76 1000 28 50 10 10 22 41 53 58 62 
 50 70 98 22 84 75 41 31 86 53 50 78 22 81 60 70 14 86 20 70 36 66 40 80 44 56 36 78 31 10 20 
 63 36 50 53 31 50 75 20 50 60 10 31 22 50 41 22 14 62 36 
 63 22 44 53 41 60 64 31 36 36 41 40 67 31 50 44 78 30 67 41 70 28 1000 31 36 22 10 36 30 58 40 
 42 53 70 30 78 50 22 31 58 50 22 50 50 72 44 50 42 58 44 58 64 41 28 62 20 28 50 50 58 22 20 
 56 10 22 50 14 36 50 20 36 41 36 14 10 42 36 30 31 40 10 
 42 10 50 64 36 36 92 20 30 41 53 42 36 56 22 58 67 50 50 70 44 50 31 1000 60 50 41 66 10 40 14 
 20 78 62 36 50 62 50 62 60 80 22 50 72 42 70 20 62 44 70 28 80 22 14 31 42 31 50 41 72 41 50 
 31 36 36 30 44 64 28 31 10 10 53 20 30 72 22 60 60 58 22 
 98 50 78 31 44 94 70 67 72 70 72 36 90 53 70 22 114 58 102 14 85 10 36 60 1000 14 28 40 62 66 72 
 60 70 106 31 93 80 44 30 92 50 58 84 14 91 60 80 10 94 10 80 31 75 50 90 50 64 42 86 30 20 22 
 72 42 56 62 36 50 84 30 60 70 14 41 31 50 50 20 10 66 44 
 85 40 64 40 42 82 63 53 58 56 58 36 82 41 63 30 100 44 89 20 80 10 22 50 14 1000 14 31 50 64 60 
 53 60 92 28 88 66 31 22 78 44 44 70 28 84 50 70 22 80 22 72 44 63 41 80 36 50 44 72 41 14 10 
 66 28 42 58 22 40 72 22 50 60 20 30 20 41 44 14 10 53 31 
 72 31 50 50 44 70 58 41 44 42 44 41 76 30 58 41 86 31 76 31 78 22 10 41 28 14 1000 28 40 64 50 
 50 50 78 31 86 53 20 22 64 42 31 56 42 80 41 60 36 66 36 66 58 50 36 72 22 36 50 58 53 20 10 
 64 14 28 56 10 31 60 22 44 50 31 22 14 36 42 20 22 41 20 
 90 58 53 70 72 90 31 60 60 50 44 67 102 22 86 60 94 31 90 31 106 41 36 67 40 31 28 1000 62 92 72 
 78 31 84 58 114 50 20 10 66 14 50 62 50 108 22 84 50 80 41 94 70 70 64 97 30 50 75 70 70 44 22 
 92 31 40 84 22 14 80 50 72 75 50 50 42 10 70 20 30 36 44 
 36 14 41 70 44 31 86 10 20 31 44 50 42 50 31 64 58 42 42 70 53 53 30 10 63 50 40 63 1000 50 10 
 30 70 53 42 58 53 44 60 50 75 14 40 75 50 64 22 66 36 72 36 86 14 22 36 36 22 58 31 78 44 50 
 41 31 28 40 41 58 22 36 20 14 58 22 31 66 31 60 60 50 20 
 76 41 90 50 22 67 122 60 70 80 92 31 36 89 22 50 104 85 85 80 20 58 58 40 67 64 64 92 50 1000 50 
 20 111 100 36 30 100 80 84 100 106 60 90 72 31 102 44 62 81 75 28 70 60 31 42 75 70 30 80 60 50 70 
 14 66 72 10 72 94 63 42 30 41 53 44 50 100 22 78 72 93 53 
 28 22 44 78 50 22 94 14 22 36 50 56 36 58 30 72 53 50 36 80 50 63 40 14 72 60 50 72 10 50 1000 
 31 78 50 50 53 58 53 70 50 84 22 41 84 44 72 14 75 31 81 31 94 10 28 28 44 28 64 30 86 53 60 
 40 41 36 41 50 66 14 44 22 10 66 31 41 75 36 70 70 56 30 
 58 22 70 53 22 50 106 40 50 60 72 31 30 72 10 50 85 67 67 72 28 50 42 20 60 53 50 78 30 20 31 
 1000 94 81 30 36 81 64 72 80 92 41 70 70 31 86 28 60 62 70 20 72 41 14 31 58 50 36 60 62 41 58 
 14 50 53 10 56 78 44 31 10 22 50 28 36 84 10 66 62 75 36 
 85 72 41 100 94 89 20 64 58 44 31 92 113 22 100 90 80 28 82 63 122 70 53 78 70 60 50 31 70 111 78 
 94 1000 70 81 128 30 31 41 50 28 56 50 81 120 10 92 80 72 72 106 100 72 80 106 36 50 100 62 100 70 50 
 108 44 42 102 41 20 80 72 86 84 80 66 62 22 88 50 60 22 58 
 31 67 31 122 98 41 90 44 36 36 41 102 80 63 80 114 10 53 22 108 100 98 70 63 106 92 78 85 53 101 50 
 82 70 1000 94 100 40 66 88 20 91 50 22 120 90 70 60 112 20 114 80 134 41 75 70 58 42 110 22 128 92 86 
 90 64 50 91 72 72 40 86 72 60 106 72 78 81 84 94 100 50 64 
 78 28 72 28 14 72 89 50 58 63 70 10 60 60 40 22 100 60 84 44 53 22 30 36 31 28 31 58 42 36 50 
 30 82 94 1000 62 80 50 50 84 72 44 75 40 60 72 53 30 78 41 50 44 56 22 60 50 53 20 72 36 14 36 
 41 40 50 31 41 62 64 10 31 44 20 22 20 66 20 42 36 70 31 
 70 56 98 80 50 60 141 67 76 89 102 60 20 106 28 80 100 100 80 107 10 85 78 50 94 89 86 114 58 30 53 
 36 128 100 63 1000 111 98 108 103 128 72 94 100 10 120 41 91 80 103 22 100 62 50 30 92 80 60 81 90 75 
 94 
 22 84 86 31 92 112 60 66 42 44 81 64 72 120 44 102 97 108 70 
 58 60 14 104 90 64 50 44 36 22 10 90 94 28 85 94 50 22 53 78 107 76 50 63 80 67 53 50 53 101 58 
 82 30 40 80 111 1000 36 56 20 53 41 22 94 102 31 72 88 44 86 88 111 50 70 86 31 31 100 36 106 72 58 
 93 41 30 91 44 36 56 70 72 66 84 60 60 44 80 64 72 14 50 
 70 42 36 70 63 70 42 41 40 31 28 60 86 10 70 60 76 14 70 42 92 41 22 50 44 31 20 20 44 80 53 
 64 31 67 50 98 36 1000 22 50 31 31 44 58 92 22 66 53 60 50 78 75 50 50 80 10 30 70 50 72 40 22 
 78 14 20 72 10 14 60 41 56 58 50 36 31 22 58 28 36 22 28 
 90 53 58 60 64 90 41 60 60 53 50 58 98 28 80 50 98 36 92 22 100 31 31 63 30 22 22 10 60 84 70 
 72 41 89 50 108 56 22 1000 72 22 50 66 41 102 31 81 40 81 31 88 60 70 58 94 31 50 66 72 60 36 14 
 86 30 41 78 20 22 80 42 66 72 41 44 36 20 64 10 20 42 41 
 42 60 14 111 92 50 70 40 30 22 22 94 85 44 80 102 30 36 36 92 101 86 58 60 92 78 64 67 50 100 50 
 80 50 20 85 104 20 50 72 1000 72 41 10 106 94 50 62 100 28 98 81 122 41 70 75 42 31 103 22 116 80 70 
 90 50 36 90 56 53 44 75 70 60 94 62 66 62 80 78 84 31 53 
 100 72 60 82 86 101 20 72 70 60 50 80 116 30 100 72 101 40 100 40 120 53 50 80 50 44 42 14 76 106 85 
 92 28 92 72 128 53 31 22 72 1000 62 70 60 122 22 97 60 90 50 108 80 81 78 110 41 60 88 80 80 58 36 
 106 44 50 98 36 20 91 64 86 88 62 64 56 10 84 31 41 41 58 
 41 20 30 72 50 40 72 10 14 20 31 53 56 36 44 64 56 28 44 63 67 50 22 22 58 44 31 50 14 60 22 
 41 56 50 44 72 41 31 50 41 63 1000 31 72 64 50 36 64 36 66 50 84 20 30 50 22 10 62 28 78 42 41 
 53 20 14 50 30 44 30 36 31 28 56 22 28 53 40 50 53 36 14 
 36 50 10 102 82 42 70 30 20 14 20 85 76 41 70 94 31 31 31 86 92 78 50 50 84 70 56 63 40 90 41 
 70 50 22 76 94 22 44 67 10 70 31 1000 98 84 50 53 92 22 92 72 114 31 60 66 36 22 93 14 108 72 64 
 80 42 28 80 50 50 36 66 60 50 86 53 58 60 70 72 78 30 44 
 111 63 92 28 50 107 80 80 86 84 86 41 100 67 80 22 128 72 116 20 92 22 50 72 14 28 42 50 76 72 85 
 70 82 120 40 101 94 58 41 106 60 72 98 1000 100 72 91 10 108 10 90 20 88 60 100 64 78 44 100 22 31 36 
 80 56 70 70 50 62 97 41 70 81 20 53 44 60 60 31 22 80 58 
 60 50 89 80 50 50 134 58 67 80 94 60 10 98 22 80 90 92 70 104 14 82 72 42 92 85 80 108 50 31 44 
 31 120 90 60 10 102 92 102 94 122 64 85 100 1000 112 31 90 70 101 14 100 53 44 20 84 72 60 72 90 72 88 
 20 78 78 30 86 106 50 62 36 36 80 58 66 114 41 97 93 100 64 
 82 64 40 90 85 85 22 58 53 41 30 82 106 14 92 80 80 22 80 53 114 60 44 70 60 50 41 22 64 102 72 
 86 10 70 72 120 31 22 31 50 22 50 50 72 113 1000 86 70 70 62 98 91 66 72 100 28 44 91 60 90 60 40 
 100 36 36 94 31 10 75 62 78 78 70 58 53 14 80 41 50 20 50 
 31 30 58 80 50 22 108 28 36 50 64 58 22 72 22 76 60 64 41 90 40 70 50 20 80 70 60 85 22 44 14 
 28 92 60 53 41 72 67 82 63 98 36 53 92 31 86 1000 81 40 90 20 97 22 31 14 58 42 64 41 89 60 70 
 31 53 50 36 62 80 20 50 22 10 72 40 50 88 36 80 80 70 41 
 102 53 86 22 41 98 80 72 78 78 80 31 90 63 70 14 120 67 108 22 82 14 42 63 10 22 36 50 67 63 76 
 60 80 113 30 92 89 53 40 100 60 64 92 10 90 70 82 1000 100 14 80 22 80 50 90 58 70 36 92 20 22 31 
 70 50 64 60 44 60 88 31 60 72 10 44 36 60 50 30 20 75 50 
 14 50 31 106 80 22 92 28 22 30 41 86 60 60 60 98 22 50 10 98 80 86 58 44 94 80 67 80 36 82 31 
 63 72 20 78 80 44 60 82 28 90 36 22 108 70 70 40 100 1000 102 60 120 22 58 50 50 31 94 10 112 78 75 
 70 53 41 72 62 70 20 70 53 41 92 56 64 80 66 84 88 50 50 
 107 60 84 36 53 104 70 76 80 78 78 44 100 58 80 28 122 64 111 10 94 20 44 70 10 22 36 41 72 76 82 
 70 72 114 41 104 86 50 31 98 50 67 92 10 101 63 90 14 102 1000 90 30 84 60 100 56 72 50 94 31 30 28 
 82 50 64 72 42 53 94 40 70 80 22 50 41 50 60 22 14 72 53 
 50 36 76 72 41 41 120 44 53 67 80 50 10 84 10 70 80 78 60 92 20 70 58 28 80 72 67 94 36 28 31 
 20 106 80 50 22 89 78 89 82 108 50 72 90 14 98 20 80 60 90 1000 91 41 31 14 70 58 53 60 81 60 75 
 14 64 64 22 72 92 40 50 22 22 70 44 53 100 30 84 81 86 50 
 122 72 108 20 50 116 100 92 98 100 102 41 101 85 82 22 141 89 128 40 90 36 64 80 31 44 58 70 86 70 94 
 72 101 134 44 100 111 76 60 122 80 84 114 20 100 92 98 22 120 30 92 1000 100 66 103 80 92 40 112 10 42 
 53 
 80 72 86 70 66 81 108 50 75 88 28 64 56 80 63 50 41 97 70 
 22 28 36 84 58 20 89 10 14 28 42 64 44 53 40 78 44 44 28 82 60 67 41 22 76 63 50 70 14 60 10 
 41 72 41 56 63 50 50 70 41 82 20 31 89 53 67 22 80 22 85 41 100 1000 36 36 41 22 72 20 92 58 60 
 50 40 31 50 50 62 10 50 31 20 72 36 44 72 44 70 72 50 31 
 56 10 60 50 22 50 92 31 41 50 60 28 41 58 22 44 80 53 64 60 42 40 28 14 50 41 36 64 22 31 28 
 14 80 76 22 50 70 50 58 70 78 30 60 60 44 72 31 50 58 60 31 67 36 1000 40 44 40 36 53 58 30 44 
 28 36 41 22 42 64 42 20 10 22 41 14 22 70 10 53 50 62 22 
 40 41 72 85 53 30 122 42 50 64 78 63 10 86 22 82 70 78 50 100 31 80 63 31 90 80 72 98 36 42 28 
 31 106 70 60 30 86 80 94 76 111 50 67 100 20 100 14 90 50 100 14 104 36 40 1000 72 56 66 53 93 70 81 
 28 66 64 36 75 94 31 60 30 22 80 50 60 102 41 91 90 84 53 
 60 36 28 72 60 60 50 31 30 22 22 60 78 14 64 63 67 10 60 50 86 44 20 42 50 36 22 30 36 76 44 
 58 36 58 50 92 31 10 31 42 41 22 36 64 84 28 58 58 50 56 70 80 41 44 72 1000 20 70 41 75 41 28 
 72 10 10 66 14 22 50 40 50 50 53 31 30 31 53 36 42 20 22 
 40 30 20 80 60 41 67 14 10 10 22 63 64 31 53 72 50 22 41 67 76 56 28 31 64 50 36 50 22 70 28 
 50 50 42 53 80 31 30 50 31 60 10 22 78 72 44 42 70 31 72 58 92 22 40 56 20 1000 72 22 86 50 44 
 62 22 10 60 31 41 31 44 41 36 64 31 36 50 50 53 58 28 22 
 92 44 92 20 14 84 107 67 76 82 90 10 63 80 44 22 116 80 100 56 50 36 50 50 42 44 50 76 58 30 64 
 36 101 111 20 60 100 70 67 104 89 63 94 44 60 92 64 36 94 50 53 40 72 36 67 70 72 1000 88 30 31 53 
 41 60 70 31 60 81 78 30 42 56 28 41 40 84 28 58 50 90 50 
 22 44 22 100 76 28 82 22 14 20 31 80 63 50 60 92 28 40 20 89 80 78 50 41 86 72 58 70 31 80 30 
 60 63 22 72 82 36 50 72 22 80 28 14 100 72 60 41 92 10 94 60 113 20 53 53 41 22 89 1000 106 70 66 
 70 44 31 70 53 60 22 64 50 40 84 50 56 70 62 75 80 41 42 
 114 64 102 10 41 108 100 84 92 94 98 31 92 82 72 14 134 85 120 41 80 31 58 72 30 41 53 70 78 60 86 
 63 100 128 36 90 107 72 60 116 80 78 108 22 90 90 89 20 113 31 82 10 92 58 94 76 86 30 106 1000 36 50 
 70 66 80 60 62 80 100 42 67 80 22 56 50 80 53 50 40 93 64 
 80 31 67 31 28 76 76 50 56 58 63 22 70 50 50 22 98 50 86 31 67 10 22 41 20 14 20 44 44 50 53 
 41 70 92 14 76 72 40 36 80 58 42 72 31 72 60 60 22 78 30 60 42 58 30 70 41 50 31 70 36 1000 22 
 53 31 44 44 30 50 66 10 40 50 14 22 14 53 31 28 22 60 28 
 82 41 56 50 50 80 53 50 53 50 50 44 85 31 67 40 94 36 85 22 86 20 20 50 22 10 10 22 50 70 60 
 58 50 86 36 94 58 22 14 70 36 41 64 36 89 40 70 31 76 28 76 53 60 44 82 28 44 53 67 50 22 1000 
 72 22 36 64 14 30 70 28 53 60 30 31 22 31 50 10 14 44 30 
 63 36 82 60 30 53 120 50 60 72 85 40 22 86 10 60 92 80 72 85 14 63 56 31 72 67 64 92 41 14 40 
 14 108 90 41 22 94 78 86 90 106 53 80 80 20 100 31 70 70 82 14 80 50 28 28 72 63 41 70 70 53 72 
 1000 64 66 10 70 92 50 44 22 30 60 42 50 98 22 80 75 88 50 
 60 28 36 63 50 60 56 30 31 28 31 50 72 22 56 53 72 20 63 44 78 36 10 36 42 28 14 31 31 67 41 
 50 44 64 40 84 41 14 30 50 44 20 42 56 78 36 53 50 53 50 64 72 40 36 67 10 22 60 44 67 31 22 
 64 1000 14 58 10 28 50 30 42 44 44 22 20 36 44 31 36 30 14 
 50 31 22 76 60 50 58 22 20 14 20 60 70 22 58 67 58 14 50 58 80 50 22 36 56 42 28 40 28 72 36 
 53 42 50 50 86 30 20 41 36 50 14 28 70 78 36 50 64 41 64 64 86 31 41 64 10 10 70 31 80 44 36 
 67 14 1000 62 22 31 41 41 44 42 58 30 31 41 50 44 50 22 20 
 67 31 80 50 20 58 114 50 60 70 82 30 31 80 14 50 94 76 76 76 22 53 50 30 63 58 56 84 40 10 41 
 10 102 92 31 31 92 72 78 90 98 50 80 70 30 94 36 60 72 72 22 70 50 22 36 67 60 31 70 60 44 64 
 10 58 63 1000 64 86 53 36 20 31 50 36 42 92 14 72 66 84 44 
 70 36 42 60 53 70 50 40 41 36 36 50 80 20 64 50 80 22 72 36 84 31 14 44 36 22 10 22 41 72 50 
 56 41 72 41 92 44 10 20 56 36 30 50 50 86 31 63 44 63 42 72 67 50 42 76 14 31 60 53 63 30 14 
 70 10 22 64 1000 22 60 31 50 53 41 28 22 28 50 22 28 31 22 
 80 56 41 80 76 82 28 53 50 40 31 72 100 10 84 70 82 20 80 44 106 50 36 64 50 40 31 14 58 94 67 
 78 20 72 63 113 36 14 22 53 20 44 50 63 106 10 80 60 70 53 92 82 63 64 94 22 41 82 60 80 50 30 
 92 28 31 86 22 1000 72 53 70 72 60 50 44 10 72 31 41 22 42 
 14 36 42 92 64 10 98 20 22 36 50 70 41 63 41 86 41 53 22 92 60 76 50 28 85 72 60 80 22 63 14 
 44 80 40 64 60 56 60 80 44 92 30 36 98 50 76 20 89 20 94 40 108 10 42 31 50 31 78 22 100 67 70 
 50 50 41 53 60 72 1000 58 36 22 80 44 53 81 50 80 81 58 41 
 72 22 63 36 22 67 80 42 50 53 60 20 60 50 41 28 92 50 78 41 58 20 20 31 30 22 22 50 36 42 44 
 31 72 86 10 67 70 41 42 76 64 36 67 41 63 63 50 31 70 40 50 50 50 20 60 40 44 30 64 42 10 28 
 44 30 41 36 31 53 58 1000 30 41 22 14 10 58 22 36 31 60 22 
 50 14 60 58 28 42 98 30 40 50 63 36 31 64 14 53 76 58 58 70 36 50 36 10 60 50 44 72 20 30 22 
 10 86 72 31 42 72 56 67 70 86 31 60 70 36 78 22 60 53 70 22 76 31 10 30 50 41 42 50 67 40 53 
 22 42 44 20 50 70 36 30 1000 14 50 22 31 78 14 62 60 66 28 
 36 20 53 72 42 28 100 22 31 44 58 50 28 64 20 67 63 56 44 80 41 60 41 10 70 60 50 76 14 41 10 
 22 84 60 44 44 67 58 72 60 89 28 50 82 36 78 10 72 41 80 22 89 20 22 22 50 36 56 40 80 50 60 
 30 44 42 31 53 72 22 41 14 1000 62 30 40 80 28 70 70 64 31 
 94 44 80 20 31 89 82 64 70 72 76 22 80 60 60 10 113 63 100 28 72 10 36 53 14 20 31 50 58 53 67 
 50 80 106 20 82 85 50 41 94 63 56 86 20 80 70 72 10 92 22 70 28 72 41 80 53 64 28 84 22 14 30 
 60 44 58 50 41 60 80 22 50 63 1000 36 28 60 40 31 22 72 42 
 58 10 50 50 30 53 78 28 36 41 50 31 53 44 36 42 78 41 64 50 56 31 14 20 41 30 22 50 22 44 31 
 28 67 72 22 64 60 36 44 63 64 22 53 53 58 58 40 44 56 50 44 64 36 14 50 31 31 41 50 56 22 31 
 42 22 30 36 28 50 44 14 22 30 36 1000 10 56 22 41 40 50 10 
 67 20 53 44 31 63 72 36 42 44 50 30 63 41 44 36 84 40 72 40 64 22 10 30 31 20 14 42 31 50 41 
 36 63 78 20 72 60 31 36 67 56 28 58 44 67 53 50 36 64 41 53 56 44 22 60 30 36 40 56 50 14 22 
 50 20 31 42 22 44 53 10 31 40 28 10 1000 50 28 31 30 50 14 
 90 64 50 80 80 92 22 63 60 50 41 76 108 20 92 70 92 30 90 41 113 50 42 72 50 41 36 10 67 100 76 
 84 22 82 67 120 44 22 20 63 10 53 60 60 114 14 89 60 80 50 100 80 72 70 102 31 50 85 70 80 53 31 
 98 36 41 92 28 10 82 58 78 80 60 56 50 1000 78 30 40 31 50 
 64 20 70 44 14 56 100 41 50 60 70 22 40 67 20 41 89 63 72 63 36 41 36 22 50 44 42 70 31 22 36 
 10 89 85 20 44 80 58 64 80 84 40 70 60 41 80 36 50 67 60 30 63 44 10 41 53 50 28 63 53 31 50 
 22 44 50 14 50 72 50 22 14 28 40 22 28 78 1000 58 53 72 31 
 92 50 64 50 56 90 50 60 63 58 56 50 94 36 76 41 102 42 94 14 94 22 30 60 20 14 20 20 60 78 70 
 67 50 94 42 102 64 28 10 78 31 50 72 31 98 41 80 30 85 22 85 50 70 53 92 36 53 58 76 50 28 10 
 80 31 44 72 22 31 80 36 63 70 31 41 31 30 58 1000 10 50 40 
 94 50 70 41 50 92 60 63 67 64 64 42 92 44 72 31 108 50 98 10 89 14 31 60 10 10 22 30 60 72 70 
 63 60 100 36 98 72 36 20 84 41 53 78 22 94 50 80 20 89 14 82 41 72 50 90 42 58 50 80 40 22 14 
 76 36 50 67 28 41 82 31 60 70 22 40 30 40 53 10 1000 58 41 
 63 53 20 92 80 67 41 42 36 22 10 80 92 14 80 82 60 10 60 64 102 63 40 58 67 53 41 36 50 94 56 
 76 22 50 70 108 14 22 42 31 41 36 30 80 100 20 70 76 50 72 86 98 50 63 84 20 28 90 41 94 60 44 
 89 30 22 85 31 22 58 60 67 64 72 50 50 31 72 50 58 1000 41 
 53 14 41 58 40 50 70 22 28 31 40 41 58 36 42 50 70 31 58 50 64 36 10 22 44 31 20 44 20 53 30 
 36 58 64 31 70 50 28 41 53 58 14 44 58 64 50 41 50 50 53 50 70 31 22 53 22 22 50 42 64 28 30 
 50 14 20 44 22 42 41 22 28 31 42 10 14 50 31 40 41 41 1000 
