 80 
 1000 125 86 111 100 116 50 28 41 80 106 113 53 128 41 70 91 31 100 113 148 80 110 110 70 44 90 80 50 31 
 130 
 41 72 100 28 122 64 101 60 36 50 142 58 78 14 53 80 120 120 30 121 78 119 120 126 20 97 72 63 86 85 70 
 30 100 136 44 60 84 91 130 42 110 22 75 106 100 156 50 122 103 162 
 126 1000 102 92 116 174 80 116 110 160 100 114 72 10 152 114 67 156 142 70 60 125 146 138 113 81 42 64 
 90 110 86 
 94 81 53 100 10 120 151 120 100 120 50 126 108 113 134 135 50 50 153 60 72 14 90 58 144 84 100 140 50 
 153 64 
 138 72 80 100 110 98 111 31 150 31 141 50 20 28 60 75 78 22 70 
 86 102 1000 150 157 194 53 58 108 162 151 163 72 111 80 20 36 107 169 44 154 146 177 173 133 75 63 41 
 97 100 160 
 50 113 50 86 94 30 174 130 94 41 144 40 10 84 50 152 64 131 111 58 110 107 40 141 102 22 14 142 100 164 
 50 
 72 130 160 42 124 135 147 125 128 72 108 80 94 75 156 63 150 85 167 
 111 92 151 1000 30 90 100 123 72 94 10 22 80 86 151 150 125 136 60 142 60 53 60 50 50 80 97 113 63 80 
 22 
 110 41 120 85 98 150 70 64 75 140 60 150 150 97 152 62 130 44 128 138 40 78 160 41 122 144 140 80 53 81 
 101 
 138 22 31 120 56 28 31 66 106 108 114 72 78 94 70 90 20 86 70 
 101 116 158 30 1000 60 104 120 60 66 20 14 85 111 142 151 138 119 30 158 90 28 31 22 31 82 114 124 60 
 70 50 
 110 44 136 80 122 150 40 44 70 140 90 150 154 90 150 36 148 72 111 156 50 102 174 70 107 155 144 56 70 
 53 110 
 130 44 60 120 41 22 10 94 86 126 97 86 100 112 100 94 50 106 100 
 117 174 194 90 60 1000 142 142 86 40 80 70 126 169 151 183 182 120 31 204 150 50 30 40 64 120 164 168 
 98 94 110 
 144 94 184 108 177 178 22 64 100 164 150 173 188 111 170 42 200 132 110 206 102 159 218 130 110 198 180 
 53 124 31 154 
 144 103 120 152 70 75 62 153 80 180 100 136 155 166 160 134 110 160 160 
 50 80 53 100 104 142 1000 36 56 114 100 110 20 86 72 50 44 80 116 66 116 94 124 120 80 22 41 31 44 50 
 111 
 14 60 50 36 75 50 122 78 42 44 108 53 50 41 58 100 70 89 80 72 60 78 78 97 70 56 41 92 53 112 20 
 58 80 113 22 72 82 94 92 85 60 70 36 64 53 122 10 101 58 130 
 28 116 58 123 120 143 36 1000 60 108 120 130 50 122 36 42 70 50 122 90 150 100 131 130 90 44 75 60 60 
 50 138 
 22 82 80 40 111 36 125 81 50 22 142 31 50 31 30 103 100 122 53 100 85 114 94 130 44 72 44 89 86 111 53 
 22 107 141 20 80 100 110 126 70 94 50 70 100 88 156 42 128 94 164 
 41 110 108 72 60 86 56 60 1000 58 66 72 44 110 82 97 100 64 63 122 116 41 72 70 30 36 85 86 20 10 92 
 58 36 102 22 110 94 66 22 14 82 111 91 102 30 90 44 120 88 56 124 44 100 134 94 50 112 94 36 60 56 72 
 70 64 98 66 20 44 50 104 41 104 42 60 90 91 124 50 84 90 130 
 80 162 162 94 67 40 114 108 58 1000 84 80 102 160 113 150 158 80 42 180 151 41 50 56 50 94 142 144 75 
 64 115 
 112 80 160 78 163 144 36 41 72 130 150 138 156 78 133 31 177 130 70 182 90 150 192 130 72 170 148 22 
 110 14 130 
 107 100 125 120 50 70 62 150 41 160 63 116 141 147 161 108 112 144 164 
 107 100 152 10 20 80 100 121 67 85 1000 14 80 94 147 150 129 130 50 146 70 44 50 41 42 80 102 117 60 75 
 31 
 110 40 124 82 106 150 60 56 72 140 70 150 150 94 150 53 136 53 122 144 41 86 164 50 116 148 140 72 58 
 72 104 
 135 28 41 120 50 22 22 75 98 114 108 76 84 100 80 90 30 92 80 
 114 114 164 22 14 70 111 130 72 80 14 1000 91 108 154 160 142 133 41 160 80 42 40 30 44 90 116 129 70 
 82 40 
 120 50 138 90 120 160 50 58 80 150 82 160 160 101 160 50 150 66 124 158 53 100 177 63 120 160 150 70 72 
 67 116 
 142 42 50 130 53 30 22 88 100 128 111 89 98 114 90 100 41 106 90 
 53 72 72 80 85 127 20 50 44 102 80 92 1000 75 84 70 56 84 100 78 100 78 108 102 64 10 41 42 28 41 91 
 31 41 58 30 70 70 106 64 31 62 92 72 70 41 75 84 76 72 82 80 40 66 92 80 72 72 60 80 36 100 28 
 70 60 94 41 56 63 75 78 80 60 70 22 53 50 106 10 81 50 114 
 130 10 111 86 111 170 86 122 110 161 94 108 76 1000 158 122 76 160 138 80 50 123 142 133 111 84 50 72 
 90 111 78 
 100 80 63 103 20 128 147 120 101 126 41 134 116 116 140 133 60 42 156 70 70 10 100 50 147 94 108 140 50 
 152 70 
 144 67 72 106 110 94 107 22 150 41 144 53 22 36 50 80 70 28 60 
 41 152 80 152 143 152 72 36 82 114 148 155 84 158 1000 60 100 36 140 120 184 120 150 150 111 78 111 94 
 89 72 169 
 58 111 113 67 147 50 140 100 75 40 176 41 70 53 31 120 132 156 44 130 116 150 120 164 41 100 70 100 120 
 120 89 
 14 138 174 53 101 125 132 162 72 129 50 106 136 124 190 78 160 130 198 
 70 114 20 150 152 183 50 42 98 150 150 161 70 122 60 1000 50 89 159 63 160 137 168 165 125 70 72 50 91 
 89 160 
 41 110 64 75 106 10 164 120 84 22 151 20 10 72 30 142 80 135 94 75 110 116 60 144 86 41 14 130 100 152 
 53 
 53 130 161 31 115 130 141 133 112 84 92 81 102 86 164 60 150 94 174 
 92 67 36 126 138 183 44 70 100 158 130 143 56 76 101 50 1000 120 156 22 120 134 164 158 120 64 30 14 84 
 94 131 
 50 94 14 80 58 58 162 120 86 63 110 67 42 85 76 140 31 100 120 30 89 72 36 110 110 20 36 136 72 156 28 
 90 103 130 50 112 116 130 91 129 36 113 53 60 41 122 50 121 50 133 
 31 158 107 136 120 120 80 50 64 80 130 134 85 161 36 89 120 1000 111 140 178 94 120 123 89 75 121 110 
 78 56 156 
 70 98 130 58 153 80 110 75 64 67 172 72 98 44 64 92 150 150 10 150 106 150 144 156 14 122 94 70 116 90 
 100 
 36 126 162 70 80 108 111 160 40 140 22 106 137 131 186 81 148 134 192 
 100 143 170 60 30 31 116 123 63 42 50 41 100 139 140 161 156 111 1000 176 120 22 10 14 36 94 134 142 72 
 72 80 
 119 64 154 84 146 157 10 41 75 144 120 153 163 91 151 20 170 101 101 176 72 128 192 100 100 172 155 41 
 94 28 128 
 130 72 90 128 44 44 31 122 72 150 90 106 124 136 130 108 80 130 130 
 114 70 44 143 158 205 67 90 122 180 147 161 78 80 120 63 22 141 176 1000 130 155 184 178 141 86 44 36 
 106 116 144 
 72 114 22 102 60 72 183 142 108 80 120 81 53 107 91 162 22 110 142 14 108 80 20 120 132 22 50 158 88 
 178 50 
 110 119 142 70 134 136 150 100 151 40 135 72 70 50 130 72 135 60 140 
 148 60 155 60 90 150 116 150 116 152 70 80 100 50 184 161 121 178 120 130 1000 110 120 110 103 106 91 
 113 100 122 41 
 130 80 110 120 70 164 130 116 114 160 10 169 157 134 174 120 110 28 172 120 72 50 150 22 164 140 148 
 135 64 140 107 
 170 53 31 138 106 82 90 30 155 90 158 80 60 80 10 108 40 70 14 
 80 126 147 53 28 50 94 101 41 41 44 42 78 123 120 139 134 94 22 155 111 1000 31 30 14 72 114 120 50 50 
 75 
 97 44 134 62 128 135 28 20 53 122 110 131 141 70 130 10 150 90 85 156 53 113 170 90 82 150 133 28 75 30 
 106 
 110 60 84 106 22 30 22 110 58 130 72 86 106 116 120 86 72 111 123 
 110 147 178 60 31 30 125 133 72 50 50 40 108 143 150 170 164 121 10 184 120 31 1000 10 44 102 140 150 
 80 81 80 
 128 70 162 93 152 166 14 50 84 153 120 162 172 100 160 30 176 103 110 182 78 133 200 100 110 180 164 50 
 100 36 136 
 140 75 90 137 53 50 36 125 81 156 100 112 130 142 130 116 80 136 130 
 110 138 174 50 22 40 120 131 70 56 41 30 102 134 150 167 158 123 14 178 110 30 10 1000 41 98 134 144 76 
 80 70 
 125 64 156 91 144 163 22 50 81 151 110 161 170 100 160 31 168 94 113 176 70 124 194 91 111 174 161 53 
 92 42 130 
 140 66 80 135 50 42 28 116 84 148 101 106 122 134 120 111 70 128 120 
 70 114 134 50 31 64 80 90 30 50 42 44 64 111 111 126 120 89 36 141 104 14 44 41 1000 58 100 106 36 40 
 72 
 84 31 120 50 115 122 42 14 41 110 100 120 129 60 120 22 136 80 80 142 41 101 156 81 76 136 120 31 62 41 
 92 
 100 50 80 94 10 22 22 100 56 116 67 72 93 102 112 72 66 98 117 
 44 82 76 80 82 120 22 44 36 94 80 90 10 85 78 70 64 76 94 86 106 72 102 98 58 1000 50 50 22 31 94 
 30 40 67 20 80 70 100 56 22 60 98 70 72 31 72 78 85 78 72 89 41 75 98 86 62 78 63 72 42 92 36 
 64 63 97 40 50 60 72 86 70 70 60 31 62 60 112 14 84 60 120 
 90 42 63 98 114 164 41 76 85 143 102 116 41 50 111 72 30 121 134 44 92 114 141 134 100 50 1000 22 67 81 
 101 
 53 70 22 70 36 78 142 102 72 78 81 84 66 80 92 122 36 70 120 42 64 44 63 80 110 50 58 120 44 138 22 
 97 75 100 58 94 92 106 62 120 20 110 28 31 14 93 40 92 22 104 
 80 64 41 114 125 169 31 60 86 144 117 130 42 72 94 50 14 110 142 36 114 120 150 144 106 50 22 1000 70 
 80 120 
 40 80 20 66 56 56 148 106 72 58 103 64 44 72 72 126 40 90 110 41 76 66 50 100 100 31 36 122 60 142 14 
 82 91 120 41 98 102 116 84 116 36 101 41 53 36 115 36 110 44 126 
 50 90 98 63 60 98 44 60 20 76 60 70 28 90 89 92 84 78 72 106 100 50 80 76 36 22 67 70 1000 22 80 
 50 22 86 22 90 90 78 36 14 80 94 90 94 36 90 56 102 72 72 108 28 80 120 78 64 100 85 53 41 72 56 
 75 50 86 60 28 40 50 85 60 85 58 41 70 72 108 36 72 70 114 
 31 110 100 80 70 94 50 50 10 64 76 82 41 111 72 89 94 56 72 116 122 50 82 80 40 31 82 80 22 1000 100 
 50 42 97 14 110 85 75 31 10 72 116 81 94 20 80 53 116 94 50 119 50 101 128 100 42 106 86 42 63 64 66 
 60 70 106 58 30 53 60 107 40 101 36 60 90 90 130 44 92 90 136 
 130 86 160 22 50 110 111 139 92 117 31 40 92 78 170 161 131 156 80 145 41 76 80 70 72 94 101 120 80 100 
 1000 
 122 58 123 102 94 161 90 86 94 154 44 163 160 116 166 84 129 36 148 138 53 72 164 28 142 151 150 102 60 
 103 110 
 155 31 10 132 78 50 53 56 128 107 134 80 76 94 50 101 10 85 50 
 41 94 50 110 111 144 14 22 58 113 110 120 31 100 58 41 50 70 120 72 130 98 130 126 85 30 53 40 50 50 
 123 
 1000 70 60 36 89 40 124 80 44 31 122 41 44 36 44 102 80 102 70 80 70 92 80 111 60 58 36 92 66 114 31 
 44 91 125 10 75 90 100 106 80 72 63 50 78 66 136 22 112 72 144 
 72 82 114 41 44 94 60 82 36 80 40 50 41 80 111 110 94 98 64 114 80 44 70 64 31 40 70 80 22 42 58 
 70 1000 92 44 84 110 72 40 36 100 75 110 110 58 111 53 106 53 92 112 10 70 130 58 84 111 100 60 31 72 
 66 
 97 28 64 80 30 22 36 70 75 86 78 42 62 72 89 50 50 67 94 
 100 53 50 120 136 184 50 80 102 161 125 138 58 63 114 64 14 130 155 22 110 134 162 156 120 67 22 20 86 
 98 123 
 60 92 1000 84 44 72 162 122 89 75 100 80 56 91 89 142 20 90 130 22 86 60 41 100 120 31 50 138 66 158 31 
 101 97 121 60 114 114 128 80 134 22 120 50 50 30 110 53 114 40 121 
 28 101 86 85 80 108 36 40 22 78 82 90 30 104 67 76 80 58 85 102 120 63 94 92 50 20 70 67 22 14 102 
 36 44 85 1000 100 72 88 44 10 60 114 70 80 14 70 66 103 92 53 106 50 94 114 98 44 92 72 56 58 78 53 
 53 72 108 44 41 60 70 102 50 90 41 50 81 80 128 31 94 80 134 
 123 10 94 98 122 178 76 111 110 164 106 120 70 20 147 106 58 155 147 60 70 130 152 144 117 80 36 56 90 
 110 94 
 89 85 44 100 1000 112 155 123 100 114 60 120 100 111 128 138 40 58 152 50 75 22 80 66 142 75 92 142 53 
 156 58 
 133 78 88 94 113 102 116 41 150 22 140 50 22 22 70 72 86 20 80 
 64 120 30 150 151 178 50 36 94 144 150 160 70 128 50 10 58 80 158 72 165 136 167 164 123 70 78 56 90 85 
 162 
 40 110 72 72 113 1000 160 116 82 14 155 10 20 67 20 138 89 138 86 85 110 122 70 147 78 50 22 125 103 
 147 58 
 44 130 163 30 113 130 140 138 106 92 84 84 108 92 169 60 151 100 178 
 101 152 174 70 40 22 122 126 67 36 60 50 106 148 140 165 162 110 10 183 130 28 14 22 42 100 142 148 78 
 76 90 
 125 72 162 89 156 161 1000 44 80 147 130 156 168 94 154 22 178 110 100 184 80 137 198 110 100 178 160 
 40 102 22 134 
 131 81 100 132 50 53 41 132 70 158 90 114 133 144 140 114 90 138 140 
 60 121 130 64 44 64 78 82 22 41 56 58 64 120 100 120 120 76 41 142 117 20 50 50 14 56 102 106 36 31 86 
 80 40 122 44 123 117 44 1000 36 103 113 112 124 50 110 22 138 91 67 144 50 110 154 94 63 134 116 20 70 
 36 92 
 90 63 94 88 10 36 36 110 42 120 53 75 101 106 125 70 80 103 130 
 36 100 94 76 70 100 42 50 14 72 72 80 31 101 76 85 86 64 76 108 114 53 85 82 41 22 72 72 14 10 94 
 44 36 89 10 100 82 80 36 1000 70 108 80 88 22 80 58 107 86 58 111 42 91 120 92 50 98 80 50 53 70 58 
 63 64 100 53 31 50 60 97 50 91 44 50 80 80 122 36 86 80 128 
 50 120 41 141 140 165 44 22 82 130 140 150 63 127 40 22 63 67 145 80 161 123 155 152 111 60 78 58 80 72 
 155 
 31 100 76 60 114 14 148 104 70 1000 152 10 31 53 14 125 94 133 72 92 101 120 80 141 64 60 30 111 97 133 
 56 
 31 122 156 22 101 120 130 136 92 94 70 80 106 92 166 53 143 98 174 
 142 50 145 60 90 151 108 142 111 151 70 82 92 41 176 152 111 172 120 120 10 110 121 111 101 98 82 104 
 94 116 44 
 122 76 100 114 60 156 130 114 108 152 1000 160 148 128 166 120 100 22 166 110 66 40 140 20 158 130 139 
 132 56 140 98 
 162 50 36 130 103 80 90 20 150 80 152 72 50 70 14 100 41 60 22 
 58 127 40 151 150 174 53 31 92 138 150 160 72 134 41 20 67 72 155 82 170 133 164 162 121 70 84 64 90 82 
 164 
 41 110 80 70 120 10 158 114 80 10 161 1000 30 62 10 134 98 142 78 94 111 128 80 150 70 60 31 120 106 
 142 64 
 36 132 166 31 111 130 140 144 100 100 78 89 114 98 174 62 153 106 183 
 78 108 10 150 155 188 50 50 102 156 151 162 70 116 70 10 42 98 165 53 158 143 174 170 130 72 67 44 94 
 94 160 
 44 111 56 80 100 20 170 125 89 31 148 30 1000 78 40 146 72 132 102 66 110 110 50 142 94 31 10 136 100 
 158 50 
 62 130 160 36 119 132 144 128 120 78 100 80 97 80 159 60 150 88 170 
 14 114 84 98 90 111 41 31 30 78 94 101 41 117 53 72 85 44 92 107 134 70 101 100 60 31 80 72 36 20 116 
 36 58 92 14 111 67 94 50 22 53 128 63 78 1000 60 72 110 106 41 113 64 106 116 112 31 94 70 58 72 80 60 
 41 86 122 42 50 72 80 116 44 100 30 62 93 90 142 40 108 91 148 
 53 134 50 152 150 170 58 30 90 134 151 160 76 141 31 30 76 64 152 92 174 131 162 161 120 72 92 72 90 80 
 167 
 44 111 89 70 128 20 155 111 80 14 166 10 40 60 1000 132 107 146 70 104 113 134 90 155 64 70 41 116 110 
 138 70 
 28 135 169 36 110 130 140 150 94 108 72 94 120 106 180 66 156 112 188 
 80 136 152 63 36 42 100 104 44 31 53 50 84 133 120 143 141 92 20 162 121 10 30 31 22 78 122 127 56 53 
 85 
 102 53 142 67 139 139 22 22 58 126 120 136 147 72 133 1000 158 100 82 164 63 123 176 100 80 156 138 22 
 84 20 112 
 110 70 94 110 28 40 31 120 53 138 70 94 115 124 130 92 81 120 133 
 120 50 64 130 148 200 70 100 120 178 136 150 76 60 133 80 31 150 170 22 110 150 176 169 136 85 36 40 
 102 117 130 
 80 106 20 104 40 89 178 138 107 94 100 98 72 111 107 158 1000 94 150 10 98 60 41 103 140 42 67 155 78 
 174 50 
 120 108 125 80 130 126 140 80 153 22 140 64 53 36 110 72 120 44 120 
 120 50 131 44 72 133 89 122 89 130 53 67 72 42 156 136 100 150 101 111 28 90 104 94 80 78 70 90 72 94 
 36 
 102 53 90 92 58 139 111 92 86 134 22 143 133 106 147 100 94 1000 144 103 44 36 130 10 136 120 123 111 
 36 120 82 
 142 30 31 111 81 60 70 22 128 72 130 53 41 60 36 80 28 50 42 
 30 155 111 128 111 110 80 53 56 70 122 125 82 158 44 94 121 10 101 143 172 85 111 114 80 72 120 110 72 
 50 148 
 70 92 130 53 152 86 100 67 58 72 166 78 102 41 70 82 150 144 1000 150 100 147 147 150 10 125 97 60 111 
 80 100 
 42 120 154 72 72 100 102 155 30 140 14 103 134 130 180 80 140 132 186 
 121 60 58 138 156 206 72 100 125 183 144 158 80 70 131 76 30 150 176 14 120 156 183 176 142 89 42 41 
 108 120 139 
 80 113 22 107 50 85 184 144 111 92 110 94 67 114 104 164 10 104 151 1000 106 70 31 112 140 36 63 160 86 
 180 53 
 120 116 134 80 136 134 148 90 156 31 142 70 62 44 120 75 129 53 130 
 78 72 111 40 50 102 60 85 44 90 41 53 40 70 116 110 89 106 72 108 72 53 78 70 41 41 64 76 28 50 53 
 70 10 86 50 76 110 80 50 42 101 67 111 110 64 114 63 98 44 100 106 1000 60 124 50 92 107 100 70 22 82 
 63 
 102 22 58 80 40 28 42 60 85 78 86 36 53 64 80 50 44 58 86 
 120 14 107 78 102 161 78 114 100 151 86 100 67 10 150 116 72 152 130 80 50 114 134 125 101 76 44 67 80 
 101 72 
 92 70 60 94 22 122 139 110 92 120 40 128 111 107 134 123 60 36 148 70 60 1000 100 44 138 91 102 130 40 
 142 64 
 136 58 66 98 100 84 97 20 140 40 135 44 14 31 50 72 64 22 60 
 120 90 40 161 174 219 78 94 134 192 165 178 92 100 120 60 36 145 192 20 150 170 200 194 156 98 63 50 
 120 128 164 
 80 130 41 114 80 70 198 155 120 80 140 80 50 116 90 176 41 131 148 31 125 100 1000 140 138 22 50 170 
 107 190 64 
 110 138 162 75 148 152 166 120 160 60 141 88 90 70 150 84 155 80 160 
 127 58 141 41 70 131 98 130 94 131 50 63 80 50 164 145 110 156 100 121 22 90 101 92 82 86 80 100 78 100 
 28 
 111 58 100 98 67 148 110 94 92 143 20 152 143 113 156 100 104 10 150 114 50 44 141 1000 142 130 133 113 
 44 120 92 
 150 31 22 119 84 60 70 28 133 81 136 63 50 70 31 88 22 60 36 
 20 145 102 122 107 111 70 44 50 72 116 120 72 148 41 86 111 14 100 133 164 82 110 111 76 63 110 100 64 
 42 142 
 60 84 120 44 143 78 100 63 50 64 158 70 94 31 64 80 140 136 10 141 92 139 139 142 1000 116 88 60 102 80 
 90 
 36 112 148 63 67 94 98 146 31 130 10 93 124 120 172 70 134 122 178 
 98 85 22 145 156 198 56 72 113 170 148 161 72 94 100 41 20 123 172 22 141 150 180 174 136 78 50 31 100 
 106 151 
 58 111 31 92 76 50 178 134 98 60 131 60 31 94 70 156 42 120 126 36 107 92 22 130 117 1000 30 148 91 168 
 44 
 90 122 150 53 128 132 146 110 138 53 119 72 80 60 141 64 141 70 152 
 72 100 14 140 145 180 41 44 94 148 141 152 60 108 70 14 36 94 156 50 148 134 165 161 120 63 58 36 85 86 
 150 
 36 101 50 72 92 22 161 116 80 30 139 31 10 70 41 138 67 123 98 63 100 102 50 133 89 30 1000 128 90 150 
 41 
 60 120 150 28 111 122 134 120 114 70 94 70 89 72 151 50 140 80 161 
 63 141 142 80 56 53 92 89 36 22 72 70 80 140 100 130 136 70 41 158 136 28 50 53 31 72 120 122 53 42 102 
 92 60 138 56 143 125 40 20 50 111 133 120 136 58 117 22 156 111 60 161 70 130 170 114 60 148 128 1000 
 90 22 108 
 91 81 111 100 30 53 50 130 31 138 50 94 121 125 143 86 97 122 148 
 86 50 100 53 70 125 53 86 60 111 58 72 36 50 120 101 72 116 94 89 64 76 100 92 63 42 44 60 41 63 60 
 67 31 67 58 53 104 102 70 53 98 56 107 100 72 111 85 78 36 111 86 22 40 107 44 102 92 90 90 1000 103 50 
 106 31 60 75 60 50 64 44 100 56 97 20 31 42 70 44 50 36 78 
 85 155 164 82 53 31 113 111 56 14 72 67 100 152 121 152 156 90 28 178 141 30 36 42 41 92 138 142 72 64 
 104 
 114 72 158 78 158 147 22 36 70 134 140 143 158 80 139 20 174 120 80 180 82 143 191 120 80 169 150 22 
 104 1000 128 
 113 90 113 122 44 60 50 140 50 155 70 110 135 141 150 106 100 138 152 
 70 64 50 101 111 155 20 53 72 130 104 117 28 70 89 53 28 100 128 50 107 106 136 130 92 36 22 14 56 67 
 110 
 31 67 31 53 58 58 134 92 58 56 98 64 50 60 70 113 50 82 100 53 63 64 64 92 90 44 41 108 50 128 1000 
 75 80 110 36 84 88 102 80 103 41 90 30 50 36 111 22 100 42 120 
 30 138 72 139 131 145 58 22 70 107 136 143 70 144 14 53 90 36 130 110 170 110 140 140 100 64 98 82 76 
 60 156 
 44 98 101 53 134 44 131 90 63 31 162 36 63 41 28 110 121 142 42 120 102 136 111 150 36 90 60 92 106 114 
 76 
 1000 124 160 41 90 113 120 148 66 116 44 92 122 110 176 64 146 116 184 
 100 72 130 22 44 104 80 107 64 100 28 42 60 67 138 130 104 127 72 120 53 60 76 67 50 63 76 92 50 70 31 
 92 28 98 72 78 131 82 63 64 123 50 133 130 86 136 70 108 30 120 116 22 58 139 31 113 123 120 82 31 90 
 80 
 125 1000 36 101 53 30 41 50 102 86 106 50 56 72 62 70 22 64 67 
 136 80 160 31 60 120 114 143 98 126 41 50 94 72 174 162 130 162 90 143 31 85 90 80 80 98 100 120 86 106 
 10 
 126 64 121 108 89 164 100 94 100 158 36 167 161 122 170 94 126 31 155 136 58 67 162 22 148 150 151 111 
 60 114 110 
 161 36 1000 135 86 58 62 50 136 103 140 80 72 91 41 104 14 81 40 
 44 100 42 120 121 152 22 20 67 120 120 130 41 106 53 31 50 70 130 70 138 107 139 136 94 40 58 41 60 58 
 133 
 10 80 60 44 94 30 134 89 53 22 130 31 36 42 36 111 80 111 72 80 80 98 76 120 63 53 28 100 76 122 36 
 41 101 136 1000 84 100 110 114 86 76 66 58 84 72 144 31 122 78 152 
 60 111 125 56 41 70 72 80 20 50 50 53 56 110 101 117 113 80 44 134 107 22 53 50 10 50 94 98 28 30 78 
 76 30 114 41 114 114 50 10 31 101 104 111 120 50 110 28 130 82 72 136 40 100 148 85 67 128 111 30 60 44 
 84 
 90 53 86 85 1000 28 31 100 50 111 58 66 91 97 115 64 72 94 120 
 85 98 136 28 22 76 82 100 44 70 22 30 63 94 126 131 116 108 44 136 82 30 50 42 22 60 92 102 40 53 50 
 90 22 114 60 102 130 53 36 50 120 80 130 133 72 130 40 127 60 100 134 28 85 152 60 94 134 123 53 50 60 
 89 
 114 30 58 100 28 1000 14 80 78 106 86 64 80 92 91 72 44 86 94 
 92 111 148 31 10 63 94 110 50 63 22 22 76 107 133 143 130 111 31 150 90 22 36 28 22 72 106 116 50 60 53 
 101 36 128 70 116 141 41 36 60 130 90 140 145 80 140 31 141 70 102 148 42 98 166 70 98 147 136 50 64 50 
 102 
 121 41 63 111 31 14 1000 91 78 120 89 78 94 106 100 84 50 100 101 
 130 31 126 67 94 155 92 127 104 150 76 89 78 22 162 134 92 161 123 100 30 110 126 117 100 86 63 85 85 
 107 56 
 106 70 80 102 41 138 133 110 98 136 20 144 130 116 150 120 80 22 156 90 60 20 120 28 147 111 120 130 44 
 140 80 
 148 50 50 114 100 80 92 1000 144 60 141 56 31 50 31 84 50 41 41 
 42 150 128 106 86 80 85 70 41 41 98 100 80 151 72 113 130 40 72 152 156 58 82 85 56 70 121 117 60 40 
 128 
 80 76 136 50 150 106 70 42 50 92 152 100 120 44 94 53 155 130 30 158 85 141 161 134 31 138 114 31 101 
 50 104 
 67 102 136 86 50 78 78 145 1000 140 22 100 130 130 164 81 122 130 170 
 110 31 72 108 127 180 60 94 104 161 114 128 60 41 130 84 36 141 150 40 90 130 156 148 116 70 20 36 85 
 101 107 
 72 86 22 90 22 92 158 120 92 94 80 100 78 100 108 138 22 72 140 31 78 40 60 82 130 53 70 139 56 156 41 
 117 86 104 76 111 106 120 60 141 1000 130 44 31 14 90 60 98 22 100 
 22 143 108 114 98 101 70 50 42 63 108 111 70 145 50 92 114 22 90 136 158 72 100 101 67 60 110 101 58 36 
 134 
 63 78 121 41 141 84 90 53 44 70 152 78 100 30 72 70 141 130 14 143 86 136 143 136 10 120 94 50 98 70 90 
 44 106 141 67 58 86 89 143 22 130 1000 91 122 120 166 70 126 120 172 
 76 50 80 72 86 136 36 70 60 117 76 89 22 53 106 82 53 107 106 72 80 86 113 106 72 31 28 41 41 60 80 
 50 42 50 50 50 85 114 76 50 80 72 89 80 63 94 94 64 53 104 70 36 44 89 63 94 72 70 94 20 111 30 
 92 50 80 58 67 64 78 56 100 44 92 1000 31 31 86 28 70 30 94 
 107 20 94 78 100 156 64 100 90 143 84 98 53 22 136 102 60 139 125 70 60 107 130 122 94 63 31 53 70 90 
 76 
 78 63 50 82 22 108 134 101 80 106 50 114 98 94 120 117 53 41 136 63 53 14 90 50 126 80 89 121 31 136 50 
 122 56 72 84 92 80 94 31 130 31 123 31 1000 20 62 58 67 10 72 
 101 28 76 94 113 166 53 89 92 148 100 114 50 36 125 86 41 133 136 50 80 116 142 134 102 60 14 36 72 90 
 94 
 67 72 30 80 22 92 144 107 80 92 70 98 80 90 106 125 36 60 131 44 64 31 70 70 121 60 72 126 42 143 36 
 111 72 92 72 98 92 106 50 130 14 120 31 20 1000 81 50 85 10 92 
 156 60 158 70 100 160 122 156 125 162 80 90 106 50 191 165 123 186 130 130 10 121 130 120 114 113 94 
 117 108 130 50 
 136 89 111 128 70 170 140 126 122 166 14 174 161 142 180 131 110 36 180 120 80 50 150 31 172 143 152 
 145 70 151 111 
 176 63 41 144 117 92 100 31 165 90 166 86 63 82 1000 114 50 72 10 
 50 76 63 90 94 134 10 42 50 108 90 101 10 80 78 60 50 82 108 72 108 86 116 111 72 14 40 36 36 44 101 
 22 50 53 31 72 60 114 70 36 53 100 63 60 40 67 92 72 80 80 76 50 72 84 89 70 64 50 86 44 106 22 
 64 70 104 31 64 72 85 84 82 60 70 28 58 50 114 1000 91 53 122 
 122 78 150 20 50 110 101 130 84 114 30 41 82 70 161 151 121 148 80 136 40 72 80 70 67 85 92 110 72 92 
 10 
 114 50 114 94 86 152 90 80 86 145 41 155 150 108 158 82 120 28 141 130 44 64 155 22 134 141 140 98 50 
 101 100 
 147 22 14 123 72 44 50 50 122 98 127 70 67 85 50 92 1000 76 50 
 104 22 85 86 106 161 58 94 90 145 92 106 50 28 130 94 50 136 130 60 70 111 136 128 98 60 22 44 70 90 85 
 72 67 40 80 20 100 138 104 80 98 60 106 89 92 113 120 44 50 133 53 58 22 80 60 123 70 80 123 36 139 42 
 116 64 82 78 94 86 100 41 130 22 121 30 10 10 72 53 76 1000 82 
 162 70 167 70 100 160 130 164 130 164 80 90 114 60 198 174 133 192 130 140 14 123 130 120 117 120 104 
 126 114 136 50 
 144 94 121 134 80 178 140 130 128 174 22 183 170 148 188 133 120 42 186 130 86 60 160 36 178 152 161 
 148 78 152 120 
 184 67 40 152 120 94 101 41 170 100 172 94 72 92 10 122 50 82 1000 
