 80 
 1000 94 176 140 129 100 112 116 130 196 98 70 132 151 152 176 182 14 198 70 64 170 148 110 103 150 146 
 150 50 72 72 
 156 86 147 111 172 150 134 100 160 90 122 103 50 130 56 151 150 30 158 174 70 58 138 72 20 169 126 113 
 132 114 76 
 136 194 100 92 218 160 100 130 169 180 136 177 31 113 144 80 66 108 10 
 94 1000 97 58 97 22 50 75 41 120 44 97 116 58 64 103 106 101 125 28 53 89 72 22 92 138 100 66 50 31 80 
 75 28 116 22 86 156 110 58 110 116 30 10 44 50 50 113 144 90 100 120 89 62 91 22 75 78 60 100 40 63 20 
 80 130 114 50 141 122 31 122 131 92 53 130 100 20 119 31 67 66 104 
 176 98 1000 120 80 113 64 72 100 22 78 138 100 60 40 14 10 178 30 124 114 10 28 101 100 113 60 31 126 
 106 120 
 22 92 82 75 22 141 90 80 53 141 90 94 136 120 120 72 122 158 41 50 129 122 60 116 162 44 50 100 90 67 
 108 
 50 44 130 86 44 75 122 110 80 28 44 64 166 91 91 128 116 75 184 
 140 58 120 1000 150 41 100 128 22 140 98 155 170 60 80 130 130 150 150 70 111 110 103 36 148 192 146 91 
 103 89 138 
 101 86 166 64 100 210 164 112 150 174 36 50 90 10 107 160 198 142 137 156 147 120 138 72 120 80 102 154 
 31 114 76 
 124 161 172 106 160 168 40 176 177 100 84 168 152 42 172 60 125 120 150 
 130 98 80 150 1000 120 50 22 128 91 53 70 22 108 89 70 80 124 85 110 70 80 62 116 28 42 22 75 90 80 58 
 72 72 20 86 91 66 14 41 36 66 114 102 110 144 80 22 50 102 41 50 64 72 20 100 122 106 50 22 120 36 91 
 31 72 53 50 107 31 128 31 41 100 72 50 108 108 22 122 63 31 134 
 100 22 114 41 120 1000 72 97 31 135 66 116 138 64 75 120 123 110 142 30 72 103 90 14 114 160 122 82 62 
 50 100 
 92 50 138 40 97 178 132 80 130 136 28 20 50 31 66 135 166 101 120 140 108 80 113 31 80 86 80 122 36 85 
 36 
 101 150 134 72 157 144 10 144 153 102 70 150 111 22 141 22 86 88 110 
 113 50 64 100 50 72 1000 28 78 84 14 80 70 63 50 64 70 114 86 70 50 58 36 67 53 92 50 41 64 44 60 
 44 31 67 36 63 114 64 20 60 90 64 53 75 94 56 63 98 94 50 70 70 58 41 60 100 70 14 58 70 14 50 
 30 85 82 22 106 72 81 78 81 72 30 80 102 58 72 80 53 22 120 
 116 76 72 128 22 98 28 1000 106 89 31 67 42 89 72 66 75 114 86 90 53 70 50 94 30 64 31 60 72 60 50 
 60 50 41 64 80 86 36 20 44 70 92 80 90 122 63 40 70 92 42 58 58 58 22 80 106 91 31 31 98 14 70 
 22 78 60 30 108 50 106 50 60 90 53 62 98 86 44 100 50 10 122 
 131 41 100 22 128 31 78 106 1000 120 78 138 148 41 60 110 110 140 130 60 94 90 81 20 128 170 124 70 90 
 72 119 
 80 66 144 42 80 190 142 92 128 155 14 31 80 20 91 138 176 130 115 134 129 103 116 60 110 63 80 134 10 
 92 60 
 102 140 152 86 140 146 36 154 155 82 62 147 140 22 150 53 107 98 141 
 197 120 22 140 92 136 84 89 120 1000 98 155 110 80 60 22 14 198 14 146 134 31 50 122 116 120 70 53 148 
 128 138 
 44 114 90 97 40 150 100 100 60 157 110 116 158 140 140 80 130 178 50 50 146 142 72 138 184 60 70 113 
 110 86 130 
 66 36 144 106 22 80 144 120 81 41 66 63 186 112 100 150 136 94 205 
 98 44 78 98 53 67 14 31 78 98 1000 70 72 70 60 78 84 100 100 60 36 72 50 64 50 94 60 53 50 31 50 
 58 20 72 36 75 112 66 14 70 82 64 50 62 92 42 70 100 80 63 82 60 44 50 50 86 80 28 56 72 20 40 
 41 98 76 10 120 80 75 78 90 84 41 90 88 56 75 70 41 22 106 
 70 98 139 156 70 116 80 67 139 156 70 1000 67 140 130 133 142 60 152 92 44 134 113 119 42 82 92 120 56 
 66 20 
 122 72 86 100 141 80 72 60 106 22 125 107 78 146 50 92 80 40 108 120 10 36 86 86 72 150 91 50 135 72 80 
 89 142 30 60 174 100 122 63 108 151 110 120 41 116 80 106 31 63 70 
 133 116 100 170 22 138 70 42 148 110 72 67 1000 130 111 90 100 126 100 125 80 101 84 136 30 22 40 97 
 100 94 60 
 94 89 22 106 113 44 10 58 50 56 134 122 121 164 90 31 28 104 60 62 63 80 41 116 130 128 72 20 140 56 
 107 
 53 84 42 67 122 36 147 10 42 122 94 58 107 128 14 138 70 50 136 
 152 58 60 60 108 64 63 89 41 80 70 140 130 1000 22 72 70 157 90 86 100 50 50 50 116 150 98 36 103 81 
 120 
 44 70 120 41 40 174 122 82 100 152 36 50 102 60 100 112 158 142 86 102 130 110 92 80 133 22 58 120 31 
 76 75 
 78 103 145 80 100 120 72 138 128 41 36 116 151 42 128 84 110 85 161 
 152 64 40 80 89 76 50 72 60 60 60 130 111 22 1000 50 50 155 70 92 94 30 28 62 101 130 78 14 102 80 110 
 22 67 100 42 22 155 102 70 78 140 50 58 106 80 98 92 138 138 64 80 120 104 72 84 136 20 41 103 50 60 78 
 58 81 130 70 82 98 84 120 106 28 20 94 147 53 108 94 101 70 161 
 176 104 14 131 70 121 64 67 110 22 78 134 90 72 50 1000 10 176 22 128 112 22 31 110 94 101 50 40 128 
 108 116 
 30 94 70 81 36 130 80 78 41 135 100 100 138 130 120 60 110 156 30 36 124 120 50 120 164 58 50 91 100 64 
 111 
 44 31 122 84 42 63 130 100 67 42 50 50 164 100 80 134 114 72 183 
 183 107 10 130 80 123 70 76 110 14 84 143 100 70 50 10 1000 184 20 133 120 20 36 111 103 110 60 41 134 
 114 124 
 31 100 80 84 31 140 90 86 50 144 100 103 144 130 126 70 120 164 40 44 133 128 60 125 170 53 56 101 100 
 72 116 
 53 36 132 92 36 72 132 110 75 36 53 58 172 101 90 137 122 80 191 
 14 101 178 150 125 110 114 114 140 198 100 60 126 158 156 176 184 1000 196 80 64 172 150 120 98 142 144 
 152 53 75 66 
 158 89 142 116 174 140 129 98 158 80 130 111 60 140 58 147 140 22 156 172 63 56 136 80 31 173 128 107 
 140 112 82 
 134 192 90 92 218 155 110 123 164 182 138 174 20 121 138 90 64 106 10 
 198 126 30 150 85 143 86 86 130 14 100 152 101 90 70 22 20 197 1000 150 134 40 53 130 110 110 63 60 150 
 130 136 
 50 116 80 103 50 140 91 98 50 151 120 122 160 150 142 70 120 176 44 40 144 140 66 142 186 72 72 107 120 
 84 133 
 64 22 138 106 22 70 151 110 70 53 72 50 184 120 90 156 134 92 205 
 70 28 125 70 111 30 70 90 60 147 60 92 126 86 92 130 134 80 152 1000 50 116 97 41 97 147 120 94 36 31 
 78 
 102 40 130 50 114 160 122 70 130 112 53 36 20 60 42 130 151 72 120 140 84 56 110 10 50 106 82 106 63 80 
 20 
 100 154 114 60 168 140 31 129 150 120 80 150 82 44 132 14 64 80 80 
 64 53 114 111 70 72 50 53 94 134 36 44 80 100 94 113 120 64 134 50 1000 108 86 75 50 100 84 89 20 22 28 
 94 30 90 60 111 111 80 36 97 64 82 63 41 102 10 91 103 44 94 111 36 10 75 42 53 114 64 60 92 50 36 
 72 130 64 28 154 100 78 81 110 120 76 115 53 72 90 64 14 44 70 
 170 89 10 110 80 104 58 70 90 31 72 136 101 50 30 22 20 172 40 116 108 1000 22 91 100 116 63 22 120 98 
 116 
 14 84 85 66 14 144 91 75 58 140 80 85 128 110 114 75 125 152 44 56 125 116 60 108 154 36 44 100 80 62 
 100 
 50 53 130 80 53 80 113 110 86 22 36 70 160 81 94 119 111 72 178 
 148 72 28 104 63 90 36 50 82 50 50 114 85 50 28 31 36 150 53 98 86 22 1000 80 80 102 50 14 98 78 94 
 10 64 72 50 30 129 75 53 50 120 70 70 108 100 92 64 111 130 36 53 103 94 44 89 134 44 22 80 72 41 80 
 31 60 110 58 72 70 100 93 78 40 20 67 138 70 80 103 89 50 156 
 111 22 101 36 116 14 67 94 20 123 64 120 136 50 63 110 111 120 131 41 76 92 80 1000 112 158 116 70 70 
 53 102 
 80 50 133 31 84 176 130 78 122 138 14 14 60 28 72 129 164 110 111 130 111 84 107 40 91 72 72 120 22 80 
 41 
 94 140 136 70 145 138 22 142 147 89 60 142 120 10 138 36 89 86 121 
 104 92 101 148 28 114 53 30 128 117 50 42 30 117 101 94 104 98 111 98 50 100 80 113 1000 50 50 90 70 66 
 31 
 90 64 44 86 110 64 31 36 64 41 114 98 91 140 60 50 53 75 66 78 36 50 44 88 100 120 60 10 122 41 80 
 50 100 30 42 132 58 122 31 66 120 81 78 80 106 41 111 40 31 107 
 151 138 114 192 42 161 92 64 170 120 94 82 22 150 130 101 111 143 110 148 101 117 102 158 50 1000 53 
 116 120 116 80 
 111 111 31 128 129 30 28 80 60 67 156 144 141 186 110 41 10 121 72 70 80 100 58 138 150 146 92 41 162 
 78 129 
 72 90 53 89 130 40 169 20 41 138 114 60 123 150 22 160 90 72 152 
 147 101 60 147 22 123 50 31 125 70 60 92 40 98 78 50 60 144 63 120 85 63 50 117 50 53 1000 64 103 90 78 
 58 80 22 85 76 81 30 50 14 88 111 103 120 142 94 14 62 122 20 28 84 89 10 110 138 94 44 44 116 40 100 
 22 50 75 60 85 22 131 50 31 85 64 31 128 107 31 130 80 41 152 
 150 67 31 92 76 82 41 60 70 53 53 121 98 36 14 40 41 152 60 94 89 22 14 70 90 116 64 1000 100 78 101 
 10 64 86 44 22 142 88 60 64 130 60 63 106 90 94 78 124 133 50 67 110 97 58 86 134 31 30 91 60 50 78 
 44 70 120 63 75 84 91 106 92 31 14 80 141 60 94 97 94 60 158 
 50 50 127 104 90 63 64 72 90 148 50 56 100 104 102 128 134 53 150 36 20 120 98 70 70 121 104 100 1000 
 22 44 
 106 36 110 63 122 129 100 53 116 78 80 60 22 94 10 111 123 40 111 129 50 22 94 31 36 120 78 80 90 66 30 
 88 146 80 44 170 120 67 101 130 130 86 134 50 70 110 50 31 62 58 
 72 31 106 89 80 50 44 60 72 128 31 67 94 82 80 108 114 76 130 31 22 98 78 53 67 117 90 78 22 1000 50 
 84 14 100 41 100 130 91 40 100 86 60 41 31 80 20 100 120 60 94 113 58 31 80 22 56 98 58 75 70 50 14 
 72 129 84 30 150 110 56 98 120 108 64 120 70 50 101 44 36 50 80 
 72 80 120 138 58 100 60 50 120 138 50 20 60 120 110 116 125 67 136 78 28 117 94 102 31 80 78 101 44 50 
 1000 
 103 53 75 81 122 85 62 41 92 36 106 89 66 130 36 80 80 44 92 106 10 22 70 70 70 130 72 41 116 53 64 
 72 126 36 40 158 89 106 60 97 132 90 108 50 97 72 92 14 44 76 
 156 76 22 101 72 92 44 60 80 44 58 123 94 44 22 30 31 158 50 102 94 14 10 80 90 111 58 10 106 84 104 
 1000 70 80 53 20 138 84 62 56 130 70 72 114 100 100 72 120 138 42 58 113 102 53 94 140 36 31 90 70 50 
 86 
 41 60 120 66 66 78 101 103 84 30 22 72 146 70 89 106 97 60 164 
 86 28 92 86 72 50 31 50 67 114 20 72 89 70 67 94 100 89 116 40 30 84 64 50 64 111 80 64 36 14 53 
 70 1000 91 30 86 128 84 31 90 89 53 36 44 78 31 90 116 72 81 101 63 40 70 30 70 85 44 72 63 40 20 
 60 116 86 22 136 100 58 94 110 94 50 110 81 44 94 50 41 41 94 
 148 117 82 166 20 139 67 41 144 90 72 86 22 120 100 70 80 143 80 131 90 85 72 134 44 31 22 86 110 100 
 76 
 80 92 1000 102 98 60 14 60 30 78 130 119 130 160 100 10 41 120 41 41 80 92 28 120 142 116 64 36 136 53 
 110 
 42 63 64 70 101 14 147 31 22 107 84 36 124 124 10 141 82 50 152 
 111 22 76 64 86 40 36 64 42 98 36 101 106 41 42 82 85 117 104 50 60 67 50 31 86 128 85 44 63 41 82 
 53 30 102 1000 64 148 100 50 91 116 28 20 64 58 60 98 134 101 80 100 91 70 76 42 94 58 41 92 36 50 36 
 63 110 111 44 119 107 50 112 116 70 31 111 110 22 108 53 70 56 120 
 172 86 22 100 92 98 63 80 80 40 76 143 114 40 22 36 31 174 50 114 111 14 30 85 110 130 76 22 122 100 
 123 
 20 86 98 64 1000 157 103 81 72 150 72 80 126 100 116 89 138 155 58 70 132 119 72 106 156 22 50 110 70 
 70 98 
 60 66 140 85 60 94 106 122 100 10 36 84 163 75 107 116 116 80 180 
 150 156 143 212 67 178 114 86 191 150 113 80 44 174 156 131 141 140 140 161 111 145 130 176 64 30 82 
 143 130 130 85 
 139 128 60 148 158 1000 53 98 90 60 176 162 151 204 120 70 20 120 100 100 81 107 84 152 151 172 116 56 
 184 100 144 
 97 120 50 106 160 70 186 36 70 165 138 90 120 168 50 174 98 92 150 
 136 111 90 164 14 134 64 36 142 100 67 72 10 122 102 80 90 130 92 123 80 92 76 130 31 28 30 89 100 92 
 63 
 85 85 14 100 104 53 1000 53 41 64 128 116 120 158 90 22 36 107 50 53 66 80 31 113 130 119 64 22 134 50 
 103 
 44 75 50 62 113 28 142 20 36 112 86 50 110 122 10 134 70 44 139 
 100 58 80 113 41 80 20 20 92 100 14 60 58 82 70 78 86 98 98 70 36 76 53 78 36 80 50 60 53 40 41 
 63 31 60 50 82 98 53 1000 63 70 78 64 70 106 44 60 86 78 58 76 50 42 41 60 88 90 31 42 86 14 50 
 36 94 63 10 120 70 89 64 80 91 50 81 86 70 63 81 36 10 106 
 161 110 53 152 36 131 60 44 130 60 70 106 50 100 78 41 50 158 50 130 98 58 50 123 64 60 14 64 117 101 
 92 
 56 90 30 92 72 90 41 63 1000 102 116 110 132 148 106 20 70 136 14 14 98 102 22 120 151 92 50 58 120 50 
 110 
 30 36 89 72 72 22 140 60 28 80 66 20 142 113 40 140 94 53 166 
 90 116 143 174 67 136 90 70 156 158 82 22 56 152 140 136 145 80 152 113 64 141 120 138 41 67 89 130 78 
 86 36 
 130 89 78 117 150 60 64 70 102 1000 142 125 100 166 70 86 63 60 107 116 28 56 85 106 94 160 100 44 151 
 80 100 
 91 138 14 72 173 92 142 50 98 160 120 114 60 133 70 126 50 70 90 
 123 30 90 36 114 28 64 92 14 111 64 126 134 36 50 100 100 131 120 53 82 80 70 14 114 156 111 60 80 60 
 107 
 70 53 130 28 72 176 128 78 117 143 1000 20 72 31 80 124 162 120 103 122 116 91 102 50 103 58 67 120 10 
 78 50 
 89 130 138 72 132 133 36 140 142 76 50 134 130 10 136 50 94 84 133 
 104 10 94 50 102 20 53 80 31 117 50 107 122 50 58 101 104 111 123 36 63 85 70 14 98 144 104 63 60 41 89 
 72 36 120 20 80 162 116 64 111 125 20 1000 53 42 60 116 150 100 100 120 98 72 94 31 84 70 60 106 30 66 
 30 
 82 130 122 56 138 125 30 128 135 86 50 130 110 10 124 36 76 72 114 
 50 44 136 90 110 50 76 90 80 158 63 78 121 102 106 138 144 60 161 20 41 128 108 60 92 143 121 106 22 31 
 67 
 114 44 130 64 127 152 120 70 133 100 72 53 1000 80 31 130 144 53 125 144 72 44 110 22 31 122 88 101 82 
 81 28 
 103 160 102 60 180 140 50 122 150 134 92 151 63 63 130 31 53 80 60 
 130 50 120 10 144 31 94 122 20 140 92 147 164 60 80 130 130 140 150 60 102 110 101 28 141 186 143 90 94 
 80 130 
 100 78 161 58 100 205 158 106 148 166 31 42 80 1000 97 155 192 132 134 153 138 111 133 62 110 82 98 148 
 30 108 67 
 120 160 164 98 160 164 30 170 173 101 81 165 142 36 166 50 116 114 140 
 56 50 120 107 80 67 56 63 92 141 42 50 90 101 98 120 127 58 142 42 10 114 92 72 60 111 94 94 10 20 36 
 100 31 100 60 116 120 90 44 107 70 80 60 31 98 1000 101 113 41 102 120 42 14 84 36 44 116 70 70 90 58 
 31 
 80 138 72 36 162 110 72 91 120 124 80 125 50 70 100 56 22 53 64 
 152 114 72 161 22 136 63 40 138 80 70 92 31 113 92 60 70 147 70 130 92 76 64 130 50 41 14 78 111 100 80 
 72 90 10 98 89 70 22 60 20 86 125 117 130 156 101 1000 50 124 31 31 86 94 22 120 144 108 58 42 130 50 
 110 
 36 53 72 70 91 10 144 41 20 97 78 28 130 120 20 140 85 50 156 
 150 144 123 198 50 166 98 70 176 130 100 80 28 158 138 111 121 141 120 152 104 126 111 164 53 10 63 125 
 123 120 80 
 120 116 41 134 139 20 36 86 70 63 162 150 145 192 114 50 1000 120 81 80 80 101 67 141 150 155 100 44 
 168 84 133 
 80 100 50 94 140 50 174 22 50 147 122 70 120 156 31 164 92 78 151 
 30 90 158 143 102 101 94 92 130 178 80 40 104 143 139 156 164 22 176 72 44 152 130 110 76 121 122 134 
 40 60 44 
 138 72 120 101 156 120 107 78 136 60 120 100 53 133 41 125 120 1000 134 150 41 36 114 70 36 157 108 85 
 130 92 70 
 112 170 70 72 198 133 103 101 142 164 120 152 10 110 116 84 42 84 31 
 158 100 41 139 41 120 50 42 117 50 63 108 60 86 64 30 40 156 44 121 94 44 36 111 67 72 20 50 111 94 92 
 42 82 41 80 58 101 50 58 14 107 104 100 126 136 102 31 82 134 1000 20 100 100 22 110 146 78 40 63 106 
 44 100 
 22 36 94 66 66 36 130 70 42 66 53 31 140 101 50 130 92 50 164 
 174 120 50 158 50 140 70 58 136 50 82 120 63 102 80 36 44 172 40 141 111 56 53 131 78 70 28 67 130 114 
 106 
 58 101 41 100 70 100 53 76 14 116 123 120 145 155 120 31 80 150 20 1000 112 116 36 130 164 92 60 72 125 
 63 120 
 41 22 102 85 60 30 150 72 31 78 72 14 156 120 50 150 108 67 180 
 70 89 130 147 64 108 70 58 130 147 60 10 63 130 120 125 134 63 144 84 36 126 104 111 36 80 84 111 50 58 
 10 
 114 63 80 92 133 82 67 50 98 28 117 98 72 138 42 86 80 41 100 113 1000 28 78 78 70 140 81 44 126 63 72 
 80 134 31 50 166 94 114 60 102 141 100 114 44 107 75 98 22 53 72 
 58 63 122 120 72 80 58 58 104 142 44 36 80 110 104 120 128 56 141 56 10 116 94 85 50 100 89 98 22 31 22 
 102 40 92 70 120 107 80 42 102 56 92 72 44 111 14 94 101 36 100 116 28 1000 80 50 50 123 72 60 101 56 
 44 
 78 136 58 36 162 103 86 80 113 129 85 120 44 81 90 70 10 50 64 
 138 92 60 138 20 114 41 22 116 72 50 86 41 92 72 50 60 136 67 110 76 60 44 107 44 58 10 58 94 80 70 
 53 70 28 76 72 85 31 41 22 85 102 94 111 134 85 22 67 114 22 36 78 80 1000 100 129 88 36 41 108 30 90 
 14 56 72 50 88 31 122 50 41 81 56 41 120 98 36 120 72 31 144 
 72 22 116 72 101 31 60 80 60 138 50 86 117 80 84 120 125 80 143 10 42 108 89 40 89 139 110 86 31 22 70 
 94 30 121 42 106 152 114 60 120 106 50 31 22 63 36 120 143 70 111 131 78 50 100 1000 53 100 72 97 60 70 
 10 
 90 144 106 50 160 130 36 120 140 112 72 140 80 41 122 22 56 70 82 
 20 76 162 120 123 80 100 107 111 184 86 72 130 134 136 164 170 31 186 50 53 155 134 92 100 150 139 134 
 36 56 70 
 141 70 143 94 156 152 131 89 152 94 104 85 31 110 44 145 150 36 147 165 70 50 130 53 1000 152 114 110 
 113 102 58 
 124 182 101 80 206 153 80 130 163 164 120 169 42 94 140 60 60 97 30 
 170 78 44 80 107 86 70 92 63 60 80 150 130 22 20 58 53 174 72 106 114 36 44 72 121 147 94 31 120 98 130 
 36 85 116 58 22 174 120 90 92 160 58 70 122 82 117 108 156 158 78 92 140 123 89 100 152 1000 60 122 53 
 80 94 
 75 88 150 90 80 114 94 137 120 20 40 106 166 64 124 106 121 90 178 
 127 60 50 102 50 80 14 31 80 70 28 92 72 58 41 50 56 128 72 82 64 44 22 72 60 92 44 30 78 58 72 
 31 44 64 41 50 116 64 31 50 100 67 60 89 98 70 58 100 108 40 60 82 72 36 72 114 60 1000 62 72 20 63 
 22 72 90 36 92 66 90 80 75 60 22 70 116 63 70 90 67 30 134 
 114 100 100 155 22 122 58 31 134 114 56 50 20 120 104 92 101 107 107 107 60 100 80 120 10 41 44 92 80 
 76 41 
 90 72 36 92 110 56 22 42 58 44 120 106 101 148 70 42 44 85 63 72 44 60 41 98 110 123 63 1000 128 44 89 
 50 94 31 50 129 50 130 22 58 120 84 70 88 112 31 120 50 36 117 
 133 40 90 31 120 36 70 98 10 110 72 136 141 31 50 100 100 141 120 63 92 80 72 22 122 162 116 60 90 70 
 117 
 70 63 136 36 70 184 134 86 120 152 10 30 82 30 90 130 169 130 107 126 126 101 108 60 114 53 72 128 1000 
 84 60 
 94 130 146 80 130 138 42 148 147 72 53 137 140 20 142 58 104 92 143 
 114 63 67 114 36 85 14 14 92 86 20 72 56 76 60 64 72 113 84 80 50 63 41 80 41 78 40 50 67 50 53 
 50 40 53 50 70 100 50 14 50 80 78 67 82 108 58 50 84 92 44 63 63 56 30 70 102 80 20 44 84 1000 60 
 22 80 70 22 106 60 94 64 70 80 41 70 100 72 58 90 50 10 120 
 76 20 108 76 92 36 50 70 60 130 40 80 107 76 78 111 116 82 134 20 36 100 80 41 80 130 100 78 30 14 64 
 86 20 111 36 98 144 104 50 110 100 50 30 28 67 31 110 134 70 101 121 72 44 90 10 58 94 63 89 60 60 1000 
 80 135 98 41 152 120 42 111 130 106 64 130 80 40 113 31 50 60 85 
 136 80 50 125 31 101 30 22 102 67 41 89 53 78 58 44 53 134 64 100 72 50 31 94 50 72 22 44 89 72 72 
 41 60 42 63 60 98 44 36 30 92 89 82 104 120 80 36 80 113 22 41 80 78 14 90 125 76 22 50 94 22 80 
 1000 58 80 44 86 44 110 62 53 70 42 50 120 85 50 110 70 28 142 
 194 131 44 162 72 150 85 78 141 36 98 142 85 104 82 31 36 192 22 155 130 53 60 140 100 90 50 70 147 130 
 127 
 60 117 63 110 67 120 76 94 36 138 130 130 161 161 138 53 100 170 36 22 134 136 56 145 183 89 72 94 131 
 80 136 
 58 1000 124 102 40 50 160 94 50 72 80 30 176 130 72 160 128 86 200 
 100 114 131 172 53 134 82 60 152 145 76 30 42 145 131 123 133 90 139 114 64 130 110 136 30 53 76 120 80 
 84 36 
 120 86 64 111 140 50 50 63 89 14 138 122 102 164 72 72 50 70 94 102 31 58 72 106 101 151 90 31 147 70 
 98 
 80 125 1000 67 160 78 140 36 84 150 110 100 70 130 56 128 50 60 100 
 92 50 86 106 50 72 22 30 86 106 10 60 67 80 70 84 92 92 106 60 28 80 58 70 42 89 60 63 44 30 40 
 67 22 70 44 85 106 63 10 72 72 72 56 60 98 36 70 94 72 67 85 50 36 50 50 80 90 36 50 80 22 41 
 44 102 67 1000 126 80 80 72 90 94 50 91 80 64 72 72 31 20 98 
 219 143 44 160 107 158 106 108 141 22 120 174 123 100 82 42 36 219 22 170 155 53 72 145 134 130 85 76 
 170 150 158 
 67 136 101 120 60 160 114 120 72 174 133 139 180 161 162 92 140 198 67 60 166 162 89 161 206 80 92 130 
 131 106 152 
 86 40 161 127 1000 90 166 132 90 60 88 70 206 134 110 172 156 114 226 
 161 123 76 170 31 145 72 50 147 80 80 100 36 120 98 63 72 156 70 140 101 80 70 139 58 40 22 84 121 110 
 89 
 78 100 14 107 94 70 28 70 22 92 134 126 140 165 111 10 50 134 36 30 94 104 31 130 155 114 67 50 138 60 
 120 
 44 50 78 80 90 1000 153 44 10 102 86 22 138 129 22 150 94 60 165 
 100 31 123 40 130 10 82 107 36 145 76 122 147 72 85 131 133 110 152 31 78 114 100 22 122 170 133 92 67 
 56 106 
 101 58 148 50 107 186 143 89 141 142 36 30 50 30 72 145 174 104 130 150 114 86 123 36 80 94 90 130 42 
 94 42 
 111 160 141 80 167 155 1000 152 164 111 80 160 113 31 151 20 92 98 110 
 131 122 110 176 31 144 78 50 155 120 78 63 10 138 120 100 110 123 111 130 82 111 94 142 31 20 50 107 
 101 98 60 
 104 94 31 113 123 36 20 64 60 50 141 128 123 170 92 41 22 101 70 72 60 80 50 120 130 139 80 22 148 64 
 111 
 63 94 36 72 133 44 152 1000 50 131 102 66 104 134 22 142 70 56 133 
 170 133 80 178 41 155 82 60 156 82 90 108 42 128 106 67 76 165 70 150 111 86 78 148 67 41 31 92 131 120 
 98 
 84 110 22 117 100 70 36 80 28 98 143 136 150 174 121 20 50 143 42 31 102 114 41 140 164 120 76 58 147 
 70 130 
 53 50 84 90 90 10 164 50 1000 108 94 20 146 138 28 160 104 70 174 
 180 92 28 100 101 102 72 90 82 41 85 152 123 41 28 42 36 183 53 120 120 22 40 89 120 139 85 31 130 108 
 133 
 30 94 107 70 10 167 114 92 80 160 76 86 134 101 125 98 148 165 67 78 143 130 82 113 164 20 60 120 72 80 
 106 
 70 72 150 94 60 102 111 133 108 1000 44 92 173 80 116 122 125 90 188 
 136 53 44 85 72 70 30 53 63 67 41 110 94 36 20 50 53 138 72 80 76 36 20 60 82 114 64 14 86 64 90 
 22 50 84 31 36 138 86 50 67 120 50 50 92 82 80 78 122 120 53 72 100 85 56 72 120 40 22 85 53 41 64 
 42 80 111 50 89 86 80 102 94 44 1000 84 129 50 92 84 81 50 144 
 178 130 64 170 50 151 80 63 148 63 90 120 58 116 94 50 58 174 50 150 117 70 67 143 78 60 31 80 136 121 
 108 
 72 110 36 111 84 90 50 82 20 114 136 131 152 167 126 28 70 152 31 14 114 120 41 140 170 106 70 70 139 
 70 130 
 50 30 100 92 70 22 161 67 20 92 85 1000 158 132 44 160 111 72 183 
 31 100 166 152 108 111 102 98 140 186 89 41 107 152 148 164 172 20 184 82 53 161 138 120 80 123 128 143 
 50 70 50 
 147 82 125 111 165 120 111 86 142 60 130 110 63 143 50 130 121 10 141 156 44 44 120 80 42 167 116 89 
 140 100 80 
 120 176 70 80 206 138 114 104 147 174 130 158 1000 120 119 94 50 92 30 
 114 20 92 42 108 22 58 86 22 114 56 117 128 42 53 100 101 121 121 44 72 82 70 10 106 150 107 60 70 50 
 98 
 70 44 125 22 76 169 122 70 114 134 10 10 63 36 70 120 156 110 101 121 107 82 98 41 94 64 63 113 20 72 
 40 
 85 130 130 64 136 130 31 134 139 80 50 133 120 1000 130 42 85 78 123 
 145 120 92 172 22 143 72 44 150 100 76 80 14 128 108 80 90 139 90 133 90 94 80 138 41 22 31 94 110 101 
 72 
 89 94 10 108 107 50 10 63 40 70 136 125 130 166 100 20 31 117 50 50 76 90 36 123 141 125 70 31 142 58 
 114 
 50 72 56 72 111 22 152 22 28 117 92 44 120 130 1000 144 80 53 148 
 80 31 130 60 123 22 80 101 53 152 70 106 139 84 94 136 139 90 158 14 64 120 104 36 111 161 130 98 50 44 
 92 
 107 50 143 53 116 174 136 82 140 127 50 36 31 50 56 141 165 85 130 150 98 70 120 22 60 106 90 120 58 90 
 31 
 110 162 128 72 174 151 20 143 161 122 85 160 94 42 145 1000 78 91 90 
 67 67 116 125 63 86 53 50 107 136 41 31 70 110 101 114 122 64 134 64 14 111 89 89 40 90 80 94 31 36 14 
 98 41 82 70 117 98 70 36 94 50 94 76 53 116 22 85 92 42 92 108 22 10 72 56 60 121 67 50 104 50 50 
 70 128 50 31 156 94 92 70 104 126 82 111 50 85 80 78 1000 42 72 
 108 67 76 120 31 89 22 10 98 94 22 63 50 85 70 72 80 106 92 80 44 72 50 86 31 72 41 60 63 50 44 
 60 41 50 56 80 92 44 10 53 70 84 72 80 114 53 50 78 84 50 67 53 50 31 70 98 90 30 36 92 10 60 
 28 86 60 20 114 60 98 56 70 90 50 72 92 78 53 92 42 1000 114 
 10 104 184 150 134 110 120 122 141 205 106 70 136 161 161 183 191 10 205 80 70 178 156 121 107 152 152 
 158 58 80 76 
 164 94 152 120 180 150 139 106 166 90 133 114 60 140 64 156 151 31 164 180 72 64 144 82 30 178 134 117 
 143 120 85 
 142 200 100 98 226 165 110 133 174 188 144 183 30 123 148 90 72 114 1000 
