 80 
 1000 70 152 134 144 50 31 90 41 84 144 58 78 140 106 60 125 67 164 20 86 84 40 108 124 50 22 36 133 70 
 41 
 110 44 132 50 50 111 75 31 101 80 63 160 94 58 36 75 78 53 72 60 110 66 22 41 128 90 64 158 30 140 14 
 103 130 81 72 86 100 80 123 107 116 31 94 102 20 122 30 50 100 172 
 70 1000 140 103 130 110 72 22 94 97 151 125 138 157 113 130 132 41 142 75 60 41 31 72 176 64 84 100 130 
 100 30 
 138 102 172 50 120 66 40 44 120 22 132 150 106 116 103 89 60 78 137 106 150 134 60 78 94 128 53 141 80 
 164 80 
 116 155 31 10 144 136 14 135 155 75 40 150 101 70 164 41 100 31 152 
 152 140 1000 44 10 142 122 130 126 70 41 164 146 60 50 184 41 101 20 136 80 100 135 70 140 102 142 186 
 22 92 144 
 81 134 110 106 190 82 100 128 66 120 178 10 64 136 154 78 81 100 166 114 100 172 164 114 53 97 94 10 
 128 80 166 
 58 80 110 150 141 94 130 50 122 72 147 138 50 169 110 138 120 130 22 
 134 104 44 1000 36 138 108 90 120 70 78 160 152 94 60 177 67 72 40 122 50 62 108 31 160 86 130 170 50 
 91 116 
 101 130 135 84 180 40 67 106 80 81 173 53 70 135 146 72 56 89 166 113 120 169 142 102 10 110 70 41 116 
 111 148 
 70 107 72 112 150 110 91 75 140 30 122 150 50 148 132 114 116 90 50 
 144 130 10 36 1000 136 114 120 120 64 44 158 142 63 44 178 40 91 22 128 70 90 125 60 140 94 134 178 20 
 86 135 
 80 128 110 97 182 72 90 119 63 110 172 20 58 130 148 70 72 92 160 108 100 166 155 106 44 94 85 14 120 
 82 158 
 53 80 100 140 138 92 120 50 121 63 138 135 42 160 110 129 114 120 28 
 50 111 142 139 136 1000 41 125 20 72 122 22 28 111 92 42 106 90 158 36 100 110 80 120 75 60 28 60 120 
 50 86 
 75 10 90 70 53 130 100 66 78 113 36 148 78 10 20 66 90 50 30 28 70 31 72 40 134 53 80 150 31 103 53 
 84 94 111 116 36 63 116 100 60 130 78 44 94 66 80 72 22 135 164 
 31 72 122 108 114 41 1000 84 22 53 113 60 66 110 75 72 94 50 134 14 63 70 42 84 106 22 22 64 102 40 50 
 80 31 107 30 72 91 60 28 70 72 70 130 63 44 41 44 53 22 70 36 85 70 50 10 102 63 41 128 10 110 44 
 72 100 70 78 72 72 75 92 86 94 44 78 72 50 98 36 28 94 142 
 90 22 130 90 120 126 85 1000 107 100 147 142 151 155 111 150 128 42 130 91 53 31 50 60 186 72 101 120 
 122 106 50 
 142 116 176 58 140 50 36 60 122 14 150 140 108 129 120 92 58 86 153 116 154 151 81 89 80 134 56 130 94 
 166 100 
 116 158 22 28 155 140 10 133 164 60 60 160 97 91 168 60 111 10 140 
 41 94 127 120 120 20 22 107 1000 56 111 41 44 104 78 58 94 70 142 22 80 90 64 100 86 40 20 63 106 36 70 
 70 10 92 50 64 110 80 50 67 94 53 134 64 22 28 50 70 31 50 20 70 50 63 20 115 50 60 134 14 100 50 
 72 90 91 100 50 60 97 89 67 110 64 56 78 60 82 56 10 116 148 
 85 98 70 70 64 72 53 100 56 1000 60 94 82 60 22 114 41 58 86 66 50 70 80 63 94 40 72 116 50 22 90 
 42 64 78 50 120 76 64 70 22 86 108 78 10 66 84 10 42 31 97 44 58 102 101 44 70 41 44 78 58 66 97 
 20 58 78 106 80 44 94 40 72 72 90 80 22 103 72 80 50 106 92 
 145 152 41 78 44 122 114 148 111 60 1000 142 120 20 40 164 20 110 60 125 94 116 140 94 103 100 129 172 
 28 75 150 
 50 116 70 110 174 108 113 130 44 135 156 40 50 114 138 70 91 91 140 94 67 148 161 103 84 70 100 50 116 
 40 156 
 41 41 125 161 114 64 144 22 89 100 150 108 50 163 72 140 102 151 60 
 58 126 164 161 158 22 60 143 41 94 142 1000 30 130 114 22 126 110 180 50 120 130 94 141 80 80 41 53 142 
 72 98 
 94 31 101 90 40 150 120 81 98 130 14 170 100 28 22 88 110 72 14 50 85 10 78 60 156 72 100 172 50 120 56 
 106 111 130 129 40 80 131 120 70 151 89 50 116 70 92 85 44 151 186 
 78 138 147 152 143 28 67 152 44 82 120 30 1000 106 98 50 108 113 164 64 120 132 108 140 50 82 56 81 124 
 60 114 
 70 36 72 94 70 150 123 94 80 138 41 152 85 22 44 80 110 70 22 40 58 31 100 63 150 50 101 155 58 94 80 
 89 86 135 144 10 56 141 100 41 150 106 20 104 94 63 100 41 160 170 
 141 158 60 94 63 111 110 156 104 60 20 130 106 1000 44 152 28 116 80 120 102 124 140 106 84 100 123 166 
 44 70 150 
 36 107 50 110 164 120 119 130 40 141 144 60 50 102 129 70 97 90 128 85 50 136 160 100 100 58 103 70 111 
 20 151 
 41 22 133 165 98 50 150 22 72 112 150 92 58 160 53 140 94 160 80 
 107 114 50 60 44 92 76 111 78 22 40 114 98 44 1000 134 20 72 66 88 58 80 100 64 100 60 94 138 28 42 110 
 41 84 76 70 142 78 75 90 20 97 128 56 14 86 106 31 53 53 116 64 60 122 122 66 63 50 60 58 80 56 119 
 10 50 89 122 94 50 106 22 80 72 110 91 14 125 72 100 70 116 72 
 60 131 184 178 178 42 72 150 58 114 164 22 50 152 134 1000 148 120 200 60 134 140 100 156 100 93 50 42 
 162 92 100 
 116 50 122 100 22 163 130 90 120 140 10 190 120 50 31 108 125 89 30 70 107 20 75 75 172 94 112 192 62 
 142 53 
 126 133 140 132 60 102 140 142 91 165 91 70 136 67 113 90 64 160 206 
 126 133 41 67 40 106 94 130 94 41 20 127 108 28 20 148 1000 91 60 106 75 97 120 78 100 80 111 155 20 58 
 130 
 41 100 70 90 158 92 94 110 28 116 140 44 31 98 122 50 72 72 128 78 60 134 142 84 72 58 80 50 98 44 137 
 22 41 107 142 102 53 125 10 82 84 130 97 31 144 70 120 86 133 63 
 67 41 101 72 92 90 50 42 70 58 111 110 114 117 72 121 92 1000 107 60 22 20 36 42 144 31 70 102 90 64 44 
 100 80 134 20 117 44 10 36 80 28 120 111 67 91 90 50 20 44 120 75 112 120 70 50 64 92 14 104 60 124 80 
 75 116 22 50 116 98 36 94 122 50 50 119 60 78 126 42 72 50 117 
 164 143 20 40 22 158 134 130 142 86 60 180 165 80 67 200 60 107 1000 148 85 101 142 70 160 114 154 198 
 41 108 151 
 101 150 130 116 204 80 104 138 85 120 194 22 80 152 170 92 89 112 182 130 120 188 174 126 50 116 102 10 
 140 100 178 
 75 100 111 151 160 113 130 70 142 70 155 157 64 180 130 146 136 130 10 
 20 76 136 122 128 36 14 92 22 67 126 50 64 121 89 60 107 60 148 1000 75 80 44 97 108 36 10 50 116 50 50 
 90 28 113 41 58 103 70 31 81 80 60 144 75 42 30 58 67 36 62 41 91 60 41 22 116 70 53 142 10 120 31 
 85 110 80 80 70 80 81 103 89 106 42 78 86 40 103 36 31 101 156 
 86 60 80 50 70 100 63 53 80 50 94 121 120 102 58 136 76 22 85 76 1000 22 58 22 141 41 85 122 70 63 66 
 92 90 128 36 133 30 20 56 70 41 132 90 56 100 103 44 10 50 130 80 108 130 92 60 42 88 22 82 72 114 100 
 64 106 31 70 121 94 50 80 119 31 72 123 44 98 122 64 80 58 94 
 85 41 100 63 90 110 70 31 90 70 117 130 133 125 80 141 98 20 101 80 22 1000 50 31 160 50 90 119 91 80 
 56 
 112 100 148 40 135 28 10 53 92 20 140 110 78 110 110 64 28 62 140 94 128 140 86 70 53 108 31 100 80 136 
 97 
 86 128 10 50 134 114 30 102 138 36 64 138 66 94 142 58 91 36 111 
 40 31 136 108 126 80 42 50 64 80 140 94 108 141 100 100 120 36 143 44 58 50 1000 78 148 41 53 72 120 75 
 10 
 116 72 146 30 90 78 42 14 100 41 101 144 90 86 72 70 53 53 106 78 124 103 36 50 100 102 41 138 50 144 
 50 
 100 135 44 36 114 111 40 120 128 84 14 120 90 44 138 10 70 60 152 
 108 72 70 31 60 121 85 60 101 63 94 143 140 106 64 158 78 42 70 98 22 31 78 1000 157 62 107 144 66 80 
 86 
 102 110 138 58 155 14 36 78 80 50 153 80 66 120 124 60 31 70 150 100 120 151 112 81 22 104 44 70 93 120 
 122 
 72 114 41 81 140 107 60 84 135 10 92 140 50 120 133 84 100 60 80 
 125 176 141 161 140 76 106 186 86 94 104 80 50 85 100 100 100 144 161 108 143 161 148 158 1000 114 102 
 131 120 80 156 
 60 80 36 128 120 169 152 134 80 172 90 142 91 67 94 97 133 100 70 70 40 80 146 98 160 53 130 150 100 67 
 128 
 90 62 166 182 41 50 178 90 22 166 150 31 110 141 31 142 78 194 162 
 50 64 102 86 94 60 22 72 40 40 100 80 82 100 60 94 80 31 114 36 41 50 41 63 114 1000 44 84 84 36 50 
 76 50 108 14 94 70 41 30 60 58 91 111 50 60 62 30 31 14 90 44 86 90 63 20 80 64 20 108 31 104 64 
 60 94 53 72 85 72 64 80 92 72 50 88 53 67 100 40 41 80 122 
 22 85 142 130 134 28 22 101 20 72 130 41 56 123 94 50 111 70 155 10 85 90 53 107 102 44 1000 44 122 53 
 58 
 90 22 111 50 50 113 80 41 84 90 50 150 80 36 20 64 75 42 53 40 90 50 44 28 124 70 63 148 14 120 30 
 89 110 90 88 64 80 91 106 85 116 50 72 92 41 101 44 30 111 162 
 36 100 186 170 178 60 64 121 63 116 174 53 82 167 138 42 156 102 198 50 122 120 72 144 133 84 44 1000 
 166 97 70 
 132 60 150 86 22 146 111 66 128 113 50 194 124 70 40 108 114 86 67 82 130 58 40 72 164 110 100 192 58 
 160 22 
 133 151 116 100 91 120 110 150 120 152 60 100 136 30 140 63 72 130 206 
 134 130 22 50 20 120 102 123 106 50 28 142 125 44 28 162 20 90 41 116 70 92 121 67 120 85 122 166 1000 
 70 130 
 60 112 90 91 170 80 90 113 44 110 156 28 42 114 134 58 70 80 144 92 80 150 147 94 56 75 80 31 108 63 
 146 
 36 60 100 140 119 72 120 30 101 72 132 116 31 151 90 122 98 126 44 
 70 100 92 92 86 50 40 106 36 22 76 72 60 70 42 92 58 64 108 50 63 80 76 80 80 36 53 98 70 1000 85 
 41 42 72 50 100 91 72 63 31 92 86 98 28 44 64 20 53 22 75 22 50 80 90 30 90 28 50 100 41 70 81 
 36 60 86 108 60 36 98 53 58 90 82 60 44 90 64 72 28 114 114 
 41 30 145 116 136 86 50 50 70 90 150 98 114 151 110 101 130 44 152 50 67 56 10 86 156 50 58 70 131 85 
 1000 
 126 78 155 40 90 84 50 22 110 44 103 153 100 92 76 80 63 63 111 86 133 107 31 58 108 111 50 148 56 154 
 50 
 110 144 50 31 120 120 41 130 136 92 10 126 100 41 147 14 78 60 161 
 110 138 82 101 80 76 80 142 70 42 50 94 70 36 41 116 41 100 101 90 92 113 117 102 60 76 90 133 60 41 
 126 
 1000 72 36 89 128 116 106 104 22 128 108 84 36 66 94 50 84 63 92 50 20 100 130 70 103 22 86 91 80 30 
 120 
 31 20 120 147 64 14 136 31 41 110 123 58 53 130 31 113 60 148 104 
 44 102 134 130 128 10 31 117 10 64 116 31 36 107 84 50 100 80 150 28 90 100 72 111 80 50 22 60 113 42 
 78 
 72 1000 90 60 58 120 90 58 72 103 44 140 70 14 22 58 80 41 40 22 70 41 66 30 125 50 70 142 22 100 50 
 78 91 101 108 42 60 106 94 63 120 70 50 86 63 80 64 14 125 156 
 133 172 110 136 110 90 107 176 92 78 70 101 72 50 76 123 70 134 130 114 128 148 147 138 36 108 111 150 
 90 72 156 
 36 90 1000 122 141 152 140 133 58 162 113 110 72 80 110 84 120 94 94 72 22 103 153 97 139 44 120 120 
 103 31 140 
 67 30 154 180 62 36 170 60 31 146 150 53 89 151 10 141 82 182 130 
 50 50 107 84 98 70 30 58 50 50 110 90 94 111 70 101 90 20 116 41 36 40 30 58 128 14 50 86 92 50 40 
 89 60 122 1000 98 63 30 22 72 44 100 116 60 72 70 41 28 28 100 58 100 100 58 31 78 78 14 111 40 116 64 
 70 107 41 58 97 86 50 90 106 67 41 102 60 64 114 31 53 66 125 
 50 120 191 180 183 53 72 140 64 120 174 40 70 165 142 22 158 117 205 58 134 136 90 156 120 94 50 22 170 
 100 90 
 130 58 141 98 1000 161 125 81 130 130 31 198 128 62 36 112 125 92 50 80 123 41 60 78 174 106 111 197 64 
 156 40 
 136 147 131 120 80 116 130 152 110 164 80 90 140 50 131 80 72 150 212 
 111 67 82 40 72 130 92 50 110 76 108 151 150 120 78 164 92 44 80 104 30 28 78 14 170 70 114 147 80 92 
 84 
 116 120 152 63 161 1000 36 80 94 44 160 92 80 130 131 72 40 80 160 110 133 160 114 90 30 116 50 80 100 
 134 124 
 86 128 36 75 150 120 53 98 147 10 92 151 64 122 147 86 110 50 90 
 76 40 100 67 90 100 60 36 80 64 114 120 123 120 76 131 94 10 104 70 20 10 42 36 152 41 80 111 90 72 50 
 106 90 141 30 126 36 1000 44 86 22 130 110 72 101 100 56 22 53 130 84 120 130 78 60 58 100 22 101 70 
 130 88 
 80 122 14 50 125 106 31 97 130 42 56 128 63 86 134 50 82 42 114 
 31 44 130 106 120 67 28 60 50 70 130 82 94 130 90 90 110 36 138 31 56 53 14 78 134 30 41 67 114 63 22 
 104 58 134 22 82 80 44 1000 90 50 90 138 80 72 60 60 50 41 93 64 111 91 36 36 98 89 36 133 36 133 44 
 90 123 50 50 100 98 50 110 114 86 20 106 82 42 125 10 56 70 147 
 101 120 67 80 63 78 70 122 67 22 44 98 80 40 20 120 28 80 85 82 70 92 101 80 80 60 85 130 44 31 111 
 22 72 58 72 130 94 86 90 1000 108 112 72 14 70 94 31 64 50 100 50 41 106 120 60 81 31 66 75 72 44 112 
 10 36 100 128 75 30 116 22 60 88 110 72 31 120 53 100 58 128 89 
 80 22 120 82 110 114 72 14 94 86 136 131 139 143 98 140 117 28 121 80 41 20 41 50 172 58 90 114 111 92 
 44 
 128 104 162 44 131 44 22 50 108 1000 140 130 94 116 110 78 44 72 142 102 140 140 75 75 72 120 42 120 82 
 152 91 
 102 144 10 31 141 126 10 119 150 53 53 146 85 84 154 50 97 22 131 
 63 133 178 174 172 36 70 151 53 108 156 14 41 144 128 10 141 120 194 60 133 140 101 155 90 92 50 50 156 
 86 104 
 108 44 114 100 31 162 130 90 113 140 1000 184 114 42 30 102 122 84 20 64 98 10 80 72 168 86 110 186 60 
 134 58 
 120 125 140 135 50 94 140 134 81 163 94 60 130 72 103 92 58 160 200 
 161 150 10 53 20 148 130 140 134 78 40 170 152 60 56 191 44 111 22 144 90 110 145 80 143 111 150 194 28 
 98 155 
 85 141 110 117 198 92 110 139 72 130 184 1000 70 142 162 86 91 108 172 120 103 178 173 122 63 102 103 
 14 136 80 174 
 64 80 120 160 146 97 140 53 125 82 156 141 58 178 111 147 126 140 20 
 94 107 64 70 58 78 63 108 64 10 50 100 85 50 14 120 31 67 80 76 56 78 90 67 92 50 80 125 42 28 100 
 36 70 72 60 128 80 72 80 14 94 114 70 1000 72 92 20 50 41 102 50 53 108 111 53 70 40 53 72 67 58 106 
 10 50 86 115 82 41 102 30 70 75 100 80 20 113 67 90 56 114 86 
 58 116 136 136 130 10 44 130 22 67 114 28 22 102 86 50 98 92 152 42 100 111 86 120 67 60 36 70 114 44 
 92 
 67 14 80 72 63 130 101 72 70 117 42 142 72 1000 30 63 90 50 31 22 60 36 80 41 132 44 80 144 36 94 63 
 78 84 113 122 28 53 119 92 50 130 84 36 88 75 70 78 20 138 158 
 36 104 155 147 148 20 41 121 28 84 138 22 44 130 106 31 122 90 170 30 104 110 72 126 94 63 20 40 134 64 
 76 
 94 22 110 70 36 133 100 60 94 110 30 162 92 30 1000 78 94 58 36 44 90 31 56 44 141 72 81 162 31 122 36 
 100 113 110 107 53 82 110 116 80 134 67 63 106 50 100 63 36 130 176 
 76 89 78 72 70 67 44 92 50 10 70 89 80 70 31 108 50 50 92 58 44 64 70 60 98 30 64 108 58 20 80 
 50 58 84 41 113 72 56 60 31 78 102 86 20 63 78 1000 36 22 94 41 64 97 92 36 70 44 36 84 50 75 88 
 30 67 70 97 80 50 86 50 75 70 80 80 28 94 78 70 44 98 98 
 78 60 82 56 72 90 53 58 70 42 92 111 110 98 53 126 72 20 89 67 10 28 53 31 134 31 76 114 70 53 63 
 84 80 120 28 125 40 22 50 64 44 123 92 50 90 94 36 1000 40 120 70 100 120 86 50 50 80 14 85 62 108 92 
 58 100 36 70 111 86 53 75 111 41 67 113 41 92 114 58 70 64 98 
 53 78 100 89 92 50 22 86 31 31 92 72 70 90 53 89 72 44 113 36 50 63 53 70 100 14 42 86 80 22 63 
 63 41 94 28 92 80 53 41 50 72 85 108 41 50 58 22 40 1000 80 31 72 81 70 14 84 50 31 106 28 92 66 
 50 82 66 86 72 58 78 70 78 80 60 75 50 72 86 50 30 94 120 
 72 139 166 167 161 30 70 155 50 98 141 14 22 128 116 30 128 120 183 63 130 140 107 151 70 90 53 67 144 
 76 111 
 92 40 94 100 50 160 130 94 100 143 20 172 102 31 36 94 120 80 1000 53 80 10 92 70 163 70 110 174 60 116 
 70 
 108 108 140 141 31 78 144 120 62 160 102 41 119 84 84 97 50 163 188 
 60 106 114 114 108 28 36 116 20 44 94 50 40 85 64 70 78 76 130 41 80 94 78 100 70 44 40 82 92 22 86 
 50 22 72 58 80 110 85 64 50 102 64 120 50 22 44 41 70 31 53 1000 50 58 81 28 111 30 62 122 31 80 70 
 56 70 97 112 41 40 108 72 50 110 80 44 66 80 63 72 10 124 136 
 111 150 101 121 100 70 85 155 70 58 67 85 58 50 60 107 60 113 121 92 108 128 125 120 40 86 90 130 80 50 
 134 
 20 70 22 100 123 134 120 111 41 141 98 104 53 60 90 64 100 72 80 50 1000 89 131 75 122 22 98 110 81 36 
 120 
 50 28 134 158 50 14 148 50 22 128 128 42 72 130 14 119 60 162 123 
 67 136 172 170 166 31 70 152 50 102 148 10 31 136 122 20 134 120 188 60 131 140 104 152 80 90 50 58 150 
 80 107 
 100 41 104 100 41 161 130 92 106 141 10 178 108 36 31 98 121 82 10 58 89 1000 86 70 166 78 110 180 60 
 125 64 
 114 116 140 138 41 86 141 127 72 160 98 50 124 78 94 94 53 161 194 
 22 60 165 142 156 72 50 82 63 101 162 78 100 160 123 76 143 70 174 41 92 86 36 113 147 63 44 40 148 90 
 31 
 130 67 155 58 60 114 78 36 120 76 80 174 111 80 56 92 86 70 92 82 133 86 1000 60 134 110 72 169 50 160 
 22 
 120 150 80 60 108 120 72 140 129 120 22 116 116 10 144 28 72 91 183 
 41 78 114 102 106 40 10 89 20 44 104 60 63 100 67 76 85 50 127 22 60 70 50 82 98 20 28 72 94 30 58 
 70 30 98 31 78 90 60 36 60 76 72 122 53 41 44 36 50 14 70 28 76 70 60 1000 97 53 40 120 14 100 53 
 63 90 72 84 66 63 80 82 78 91 53 72 64 60 89 44 22 98 134 
 128 94 53 10 44 136 102 80 117 70 84 158 151 100 63 174 72 64 50 116 42 53 100 22 162 80 125 164 56 90 
 108 
 104 126 139 78 174 30 58 98 82 72 170 63 70 133 143 70 50 85 164 111 123 167 134 98 1000 110 64 50 111 
 116 142 
 72 111 63 103 150 110 82 80 140 20 114 150 50 140 134 106 113 80 60 
 90 128 98 110 94 53 63 134 50 41 70 72 50 58 50 94 58 92 117 70 89 108 102 104 53 64 70 111 76 28 111 
 22 50 44 78 107 117 100 89 31 120 86 102 40 44 72 44 80 50 70 30 22 78 111 53 110 1000 78 106 60 50 100 
 41 41 114 136 44 10 126 50 31 113 106 41 60 110 36 97 40 142 120 
 64 53 94 70 85 80 41 56 60 44 100 100 101 104 60 114 80 14 102 53 22 31 41 44 130 20 63 100 80 50 50 
 86 70 120 14 111 50 22 36 67 42 111 104 53 80 82 36 14 31 110 63 98 110 72 40 64 78 1000 98 50 111 78 
 63 102 36 62 103 84 50 82 108 53 53 107 50 78 112 44 60 64 111 
 158 141 10 41 14 150 128 130 134 78 50 172 156 70 58 192 50 104 10 142 82 100 139 70 151 108 148 192 31 
 100 148 
 92 142 120 111 197 80 101 134 76 120 186 14 72 144 162 84 85 106 174 122 111 180 170 120 50 107 98 1000 
 134 90 172 
 67 90 110 150 151 103 130 60 132 70 151 147 56 174 120 142 128 130 14 
 30 80 128 116 120 31 10 94 14 58 117 50 58 111 80 63 98 60 141 10 72 80 50 94 100 31 14 58 108 41 56 
 80 22 104 40 64 101 70 36 72 82 60 136 67 36 31 50 63 28 60 31 82 60 50 14 111 60 50 134 1000 110 41 
 76 100 80 86 64 70 85 94 80 103 50 70 78 50 94 42 22 104 148 
 140 165 80 111 82 104 110 166 100 67 40 120 94 20 56 143 44 125 100 120 114 136 145 120 67 104 120 162 
 63 70 155 
 30 101 31 117 158 134 130 133 44 152 134 80 58 94 123 76 108 92 116 80 36 125 160 100 116 50 111 90 110 
 1000 150 
 50 10 144 172 86 41 160 36 56 128 152 78 70 160 36 142 90 172 100 
 14 80 166 148 158 53 44 100 50 98 158 56 80 152 120 53 139 80 178 31 100 98 50 122 130 64 30 22 147 82 
 50 
 120 50 141 64 40 125 89 44 114 92 58 174 107 63 36 89 92 67 70 70 120 64 22 53 142 100 78 172 41 150 
 1000 
 116 140 94 80 88 110 90 135 113 130 40 97 116 14 130 41 60 110 186 
 104 117 58 70 53 84 72 116 72 20 41 106 89 41 10 127 22 76 76 85 64 86 100 72 90 60 89 134 36 36 110 
 31 78 67 70 136 86 80 90 10 102 120 64 10 78 100 30 58 50 108 56 50 114 121 63 72 41 63 67 76 50 117 
 1000 42 94 125 85 40 111 20 70 80 110 82 22 122 62 100 64 122 80 
 130 156 80 107 80 94 100 158 90 58 41 111 86 22 50 134 41 116 100 110 106 128 136 114 63 94 110 152 60 
 60 145 
 20 92 30 107 148 128 122 123 36 144 125 80 50 85 114 67 100 82 108 70 28 116 150 90 111 41 102 90 100 
 10 140 
 42 1000 136 164 78 31 152 31 50 122 142 70 64 150 31 132 80 164 100 
 82 31 110 72 100 111 70 22 92 78 126 130 136 134 89 140 107 22 111 80 31 10 44 41 166 53 90 117 101 86 
 50 
 120 101 155 41 133 36 14 50 100 10 140 120 86 114 110 70 36 67 141 98 134 140 80 72 63 114 36 110 80 
 144 94 
 94 136 1000 41 138 120 20 111 144 44 58 142 75 88 148 53 94 28 121 
 72 10 150 114 140 116 78 28 100 107 162 130 144 167 123 133 143 50 152 80 70 50 36 82 183 72 89 100 140 
 108 31 
 147 108 180 58 120 76 50 50 130 31 136 160 117 122 107 98 70 86 143 113 158 139 60 84 104 136 63 151 86 
 174 80 
 126 165 41 1000 150 144 22 144 162 84 41 156 110 70 172 44 106 36 162 
 86 144 143 151 139 36 72 156 50 80 114 40 10 98 94 60 102 117 161 70 121 136 114 140 41 85 64 92 120 60 
 120 
 64 42 63 98 80 151 126 100 76 143 50 147 82 28 53 80 111 72 31 41 50 41 108 67 150 44 104 152 64 86 89 
 85 78 139 150 1000 50 146 94 31 150 112 10 101 102 53 106 44 164 165 
 100 136 94 110 92 63 72 141 60 44 64 80 56 50 50 102 53 98 114 80 94 114 111 107 50 72 80 121 72 36 120 
 14 60 36 86 117 120 106 98 30 127 94 98 41 53 82 50 86 58 78 40 14 86 121 63 111 10 84 104 70 41 110 
 40 31 120 144 50 1000 134 44 30 116 116 44 60 120 28 107 50 148 117 
 80 14 130 92 120 117 76 10 98 94 145 133 143 152 107 140 126 36 131 82 50 30 40 60 178 64 92 111 121 98 
 41 
 136 107 170 50 130 53 31 50 116 10 141 140 102 120 111 86 53 78 145 108 148 143 72 80 82 127 50 130 85 
 161 90 
 111 152 20 22 147 134 1000 128 156 63 50 152 94 81 162 50 102 20 141 
 123 136 50 76 50 100 92 134 89 40 22 120 100 22 22 142 10 94 70 104 80 102 120 84 90 80 107 152 30 53 
 130 
 31 94 60 90 152 98 98 110 22 120 134 53 30 92 116 50 76 70 120 72 50 127 141 82 80 50 82 60 94 36 136 
 20 31 111 145 94 44 130 1000 72 92 130 88 36 142 60 120 80 138 72 
 107 155 123 140 121 60 86 164 67 72 89 70 41 72 80 92 82 122 143 89 120 138 128 136 22 92 85 120 101 58 
 136 
 41 63 31 106 110 148 130 114 60 150 82 126 70 50 80 76 111 78 63 50 22 72 130 78 141 31 108 133 80 56 
 114 
 70 50 144 162 31 30 156 72 1000 144 130 22 90 125 22 122 58 172 145 
 116 76 72 30 63 131 94 60 111 72 100 152 150 113 72 167 84 50 70 107 31 36 84 10 167 72 117 152 72 90 
 92 
 111 121 147 67 165 10 42 86 89 53 164 82 76 130 136 70 41 80 161 110 130 162 120 92 20 114 53 70 104 
 128 130 
 80 122 44 85 150 117 63 92 145 1000 98 150 58 128 142 92 110 60 80 
 31 40 148 122 139 78 44 60 64 90 150 89 106 150 110 92 130 50 156 42 72 64 14 92 150 50 50 60 133 82 10 
 123 70 152 41 80 92 56 20 110 53 94 158 100 84 67 80 67 60 102 80 130 98 22 53 114 107 53 152 50 152 40 
 110 143 58 41 113 117 50 130 130 98 1000 120 101 31 142 10 72 70 165 
 94 150 139 150 136 44 78 161 56 80 108 50 20 92 92 70 98 120 158 78 123 139 120 141 31 89 72 101 117 60 
 127 
 58 50 53 102 90 152 130 106 72 147 60 143 80 36 63 80 114 76 41 44 42 50 116 72 150 41 107 148 70 78 98 
 82 70 143 156 10 44 152 89 22 151 120 1000 100 110 44 112 50 168 161 
 102 101 50 50 42 94 72 98 78 22 50 116 104 58 14 136 31 60 64 86 44 67 90 50 111 53 92 136 31 44 100 
 53 86 89 60 141 64 63 82 31 85 130 58 20 89 106 28 41 50 120 67 72 125 117 64 50 60 50 56 78 70 116 
 22 64 76 111 101 60 94 36 90 58 101 100 1000 120 84 91 72 102 70 
 20 70 170 148 161 67 50 92 60 104 164 70 94 161 126 67 145 78 180 40 98 94 44 120 143 67 41 30 152 90 
 41 
 130 63 152 64 50 122 86 42 121 85 72 178 114 76 50 94 92 72 84 80 131 78 10 60 141 110 78 174 50 160 14 
 123 150 89 70 102 120 82 143 126 128 31 111 120 1000 142 36 70 101 188 
 123 164 110 133 110 80 98 169 82 72 72 92 63 53 72 114 70 127 130 104 122 142 138 134 31 100 101 140 90 
 64 147 
 31 80 10 114 131 147 134 125 53 155 104 111 67 70 100 78 114 86 85 63 14 94 145 89 136 36 113 120 94 36 
 131 
 63 31 148 172 53 28 162 60 22 143 143 44 85 143 1000 133 72 176 131 
 30 41 139 114 130 72 36 60 56 80 140 85 100 140 100 90 120 42 147 36 64 58 10 84 142 40 44 63 123 72 14 
 114 64 143 31 80 86 50 10 100 50 92 148 90 78 63 70 58 50 98 72 120 94 28 44 106 98 44 143 42 143 41 
 100 133 53 44 106 107 50 120 122 92 10 113 92 36 134 1000 64 70 156 
 50 100 120 117 114 22 28 111 10 50 102 44 41 94 70 64 86 72 136 31 80 92 70 100 78 41 30 72 98 28 78 
 60 14 82 53 72 110 82 56 58 98 58 127 56 20 36 44 70 30 50 10 60 53 72 22 114 40 60 128 22 90 60 
 64 80 94 106 44 50 102 80 58 110 72 50 72 70 72 64 1000 120 142 
 100 31 131 90 121 136 94 10 117 106 152 152 161 161 116 160 134 50 130 101 58 36 60 60 194 80 111 131 
 126 114 60 
 148 126 183 67 150 50 42 70 128 22 161 141 114 139 131 98 64 94 164 125 162 162 92 98 80 142 64 130 104 
 172 110 
 122 164 28 36 165 148 20 138 172 60 70 170 102 101 176 70 120 1000 140 
 172 152 22 50 28 164 142 140 148 92 60 186 170 80 72 206 63 117 10 156 94 111 152 80 162 122 162 206 44 
 114 161 
 104 156 130 125 212 90 114 147 89 131 200 20 86 158 176 98 98 120 188 136 123 194 183 134 60 120 111 14 
 148 100 186 
 80 100 121 162 165 117 141 72 145 80 165 161 70 188 131 156 142 140 1000 
