 80 
 1000 155 110 116 136 120 89 120 122 28 22 90 166 160 100 72 140 103 107 114 164 41 110 88 108 128 98 
 190 28 91 72 
 41 120 120 14 60 80 90 133 60 44 50 100 20 36 147 31 130 130 36 125 146 63 103 148 70 116 101 75 70 78 
 120 
 70 168 100 50 140 80 102 120 60 152 60 144 176 64 101 150 86 130 197 
 156 1000 134 84 31 81 100 36 75 150 177 94 20 10 141 120 173 56 103 72 72 128 144 66 50 66 70 70 129 
 160 100 
 150 50 91 160 100 100 140 22 106 110 140 132 148 125 20 136 90 169 119 111 92 94 112 56 91 42 64 110 
 140 81 62 
 98 53 80 130 155 150 91 165 150 14 112 22 50 100 98 70 90 133 70 
 110 136 1000 50 103 162 42 116 60 130 122 144 130 132 14 41 42 120 31 62 91 122 10 98 94 70 72 122 90 
 36 58 
 72 84 170 101 110 138 22 119 119 94 60 10 90 80 141 121 176 36 91 31 62 102 22 90 72 122 126 44 41 78 
 72 
 124 110 58 60 31 36 44 31 53 122 128 112 120 66 158 80 56 22 133 
 116 85 50 1000 53 124 28 70 10 125 136 113 80 82 60 50 89 80 20 14 50 110 60 62 50 20 31 80 88 80 44 
 92 36 133 114 90 111 60 72 100 81 78 50 100 80 94 113 138 85 84 28 31 80 30 41 50 78 89 42 67 50 22 
 100 63 20 70 72 72 14 81 80 72 110 63 72 53 124 36 31 50 89 
 136 31 104 53 1000 90 70 30 44 134 158 91 31 30 110 90 142 50 72 41 50 114 113 50 28 36 41 63 108 130 
 72 
 125 20 100 138 86 94 110 22 94 92 113 101 124 102 42 120 101 138 100 80 64 78 81 31 66 40 60 80 110 58 
 31 
 89 41 50 103 124 120 60 134 120 20 102 10 44 75 100 44 60 102 67 
 120 82 162 125 90 1000 120 60 119 100 140 30 100 91 162 128 204 44 136 111 140 80 168 64 75 116 94 150 
 103 172 106 
 138 94 10 130 63 40 156 70 60 85 133 154 122 107 63 90 14 197 94 152 147 66 142 120 92 50 36 120 144 84 
 106 
 50 130 108 124 192 158 122 190 147 90 60 90 130 100 22 131 106 172 151 
 89 100 42 28 70 120 1000 75 36 101 108 102 100 100 44 22 84 78 20 31 78 90 50 56 53 44 31 108 63 60 20 
 64 50 128 86 72 98 41 81 81 60 50 36 72 53 103 90 134 78 60 40 58 62 22 66 31 80 84 14 41 36 41 
 84 88 20 42 72 50 14 72 53 90 91 80 97 30 116 64 14 53 116 
 120 36 116 70 30 60 76 1000 64 114 142 62 50 42 119 92 158 22 86 56 80 92 124 31 22 58 44 91 94 135 70 
 120 36 70 125 64 66 116 14 70 75 110 110 113 91 30 100 72 152 84 98 89 58 94 60 60 10 31 82 111 50 50 
 64 70 58 100 142 123 72 146 120 36 78 31 72 70 70 72 63 120 94 
 122 76 60 10 44 120 36 64 1000 129 142 110 70 72 70 58 98 75 30 10 42 112 70 60 44 10 30 72 94 90 50 
 100 28 128 120 90 110 70 64 100 84 86 60 106 86 86 116 133 94 89 36 30 80 40 31 53 72 85 50 75 50 14 
 100 53 22 78 80 82 22 91 89 62 110 53 62 58 122 28 36 58 80 
 28 150 130 126 134 100 101 114 130 1000 41 70 162 156 120 90 163 94 121 119 168 22 130 84 106 133 102 
 194 40 116 82 
 66 122 100 42 50 60 111 128 44 44 72 120 44 50 138 14 110 153 41 140 156 56 120 152 75 108 88 90 91 80 
 124 
 53 172 106 70 160 103 113 144 85 148 41 140 178 72 80 155 94 150 200 
 22 178 123 136 158 140 108 143 142 41 1000 110 188 182 110 88 150 125 124 134 184 60 120 110 130 148 
 120 210 50 100 92 
 50 142 140 22 82 100 100 155 80 66 63 112 36 56 169 50 150 140 58 142 166 85 119 168 92 138 123 94 81 
 100 140 
 90 190 120 66 150 90 122 130 70 174 80 166 198 84 120 170 106 143 219 
 90 94 144 114 92 30 102 63 111 70 110 1000 111 102 142 106 186 41 120 100 140 50 150 50 70 110 81 153 
 75 148 86 
 111 90 31 101 36 10 134 75 31 58 108 136 94 80 78 60 41 178 66 138 140 42 124 120 72 53 31 100 120 67 
 100 
 22 132 94 100 174 134 107 170 122 97 30 93 134 78 14 130 89 155 158 
 166 20 131 80 31 101 100 50 70 162 188 111 1000 10 140 120 167 72 100 70 56 141 140 78 58 60 72 50 138 
 160 103 
 156 50 110 169 112 116 140 36 120 122 144 130 155 133 40 148 110 164 130 104 80 106 110 44 97 58 80 110 
 140 89 60 
 114 36 80 134 148 150 90 161 151 14 128 22 31 106 117 58 91 126 50 
 161 10 133 82 30 92 100 42 72 156 183 102 10 1000 140 120 170 64 101 70 64 134 142 72 53 63 70 60 133 
 160 100 
 153 50 101 164 106 108 140 28 112 116 142 130 151 128 30 142 100 166 124 107 86 100 110 50 94 50 72 110 
 140 84 60 
 106 44 80 132 151 150 90 163 150 10 120 20 41 103 107 64 90 129 60 
 100 143 14 60 111 162 44 120 70 121 111 142 140 141 1000 36 44 122 40 70 104 116 10 100 97 80 75 135 81 
 22 56 
 60 91 168 90 108 136 10 125 116 89 50 10 80 72 147 113 176 36 85 44 75 100 30 100 70 124 128 42 30 78 
 80 
 122 121 63 50 40 22 50 28 41 130 125 120 131 64 156 92 58 36 145 
 72 120 41 50 90 128 22 92 58 90 89 106 121 120 36 1000 80 88 36 53 100 81 44 66 70 66 50 130 50 44 22 
 42 70 134 66 72 100 28 100 80 53 28 31 53 40 120 80 142 72 50 53 78 64 31 88 36 94 94 10 20 44 62 
 86 110 41 22 72 31 36 64 31 110 89 100 119 28 120 86 30 60 138 
 141 174 42 89 143 205 84 158 98 164 150 186 167 170 44 80 1000 162 72 102 120 160 36 140 136 107 114 
 150 125 50 100 
 100 124 212 130 152 180 53 160 160 133 91 50 120 116 182 156 218 10 129 63 90 144 64 123 114 164 168 86 
 72 120 111 
 166 140 100 94 20 60 86 20 80 160 169 151 150 108 200 110 98 41 160 
 104 56 120 80 50 44 78 22 76 94 126 41 72 64 122 89 162 1000 92 67 100 72 128 22 31 72 50 113 80 133 66 
 110 50 53 110 44 44 116 36 50 60 101 114 100 80 44 80 58 156 70 108 103 41 98 80 53 14 10 80 106 44 62 
 42 91 64 92 148 119 78 150 113 58 56 53 94 63 50 90 64 128 117 
 107 104 31 20 72 136 20 86 30 121 125 120 100 101 40 36 72 92 1000 31 66 110 41 72 64 40 42 97 81 60 40 
 78 53 144 102 91 116 41 89 100 80 64 30 89 72 111 110 150 67 80 20 42 81 10 60 50 92 100 31 50 53 41 
 103 82 28 58 56 53 14 62 64 91 110 81 91 50 133 53 31 36 107 
 114 72 63 14 41 111 31 56 10 120 134 101 70 70 70 53 102 67 31 1000 50 103 72 50 36 14 20 78 86 90 42 
 94 22 120 112 80 100 70 58 90 75 80 60 98 78 80 107 125 98 80 42 40 70 41 36 44 64 76 44 72 41 10 
 90 58 14 72 86 80 20 93 84 60 100 50 67 50 112 36 28 64 86 
 164 72 92 50 50 141 78 80 42 170 184 140 56 64 104 100 120 100 67 50 1000 150 101 91 70 36 66 31 136 
 125 92 
 142 50 150 162 126 140 107 72 135 124 128 94 148 128 89 155 151 120 130 60 30 116 75 20 94 90 110 92 
 116 88 44 
 132 22 64 120 100 120 64 120 130 58 144 53 31 100 150 14 78 80 41 
 41 128 123 111 114 80 90 92 114 22 60 50 141 134 117 82 161 72 110 104 152 1000 125 64 86 116 84 174 36 
 116 70 
 70 102 80 53 28 40 107 106 22 30 72 113 50 44 116 10 90 151 31 130 141 36 110 133 60 86 66 80 88 62 107 
 31 152 91 66 153 102 100 141 86 126 20 120 158 60 60 138 80 140 180 
 110 145 10 60 114 169 50 125 70 131 121 150 141 143 10 44 36 128 41 72 101 126 1000 106 102 80 80 132 
 91 28 64 
 70 94 176 100 116 144 20 128 124 97 60 14 90 82 150 123 182 28 94 41 72 108 31 100 78 130 134 50 40 84 
 81 
 130 120 67 60 30 31 53 22 50 131 133 122 130 72 164 90 64 28 143 
 89 67 98 63 50 64 56 31 60 84 111 50 78 72 100 67 141 22 72 50 92 64 106 1000 22 60 31 111 63 111 44 
 90 41 72 94 36 50 94 44 44 44 80 92 82 60 60 70 78 134 53 88 90 28 78 72 31 30 28 58 84 22 50 
 41 89 44 70 128 97 58 128 91 64 53 56 94 41 62 80 42 108 116 
 108 50 94 50 28 76 53 22 44 106 130 70 58 53 98 70 136 31 64 36 70 86 102 22 1000 41 22 89 80 113 50 
 100 20 84 111 58 70 94 30 66 64 90 88 98 75 50 92 89 130 72 78 72 50 72 50 41 28 41 60 90 31 31 
 63 67 36 80 120 101 50 124 100 44 75 36 72 50 80 60 41 98 94 
 128 67 70 20 36 117 44 58 10 134 148 110 60 63 80 67 107 72 40 14 36 117 80 60 41 1000 31 64 100 100 56 
 108 22 125 126 91 110 80 56 101 89 94 70 112 92 78 120 129 104 94 44 31 81 50 22 58 66 81 58 84 53 10 
 100 44 28 86 88 91 31 101 97 53 111 44 53 64 121 22 42 66 72 
 98 70 72 31 41 94 31 44 30 102 120 82 72 70 76 50 114 50 42 20 67 85 80 31 22 31 1000 92 70 91 31 
 84 22 102 100 60 80 72 50 70 58 72 66 86 64 72 89 108 108 64 58 60 50 50 50 28 50 58 40 70 22 22 
 70 70 14 62 98 80 28 102 80 60 80 50 78 36 93 53 20 78 98 
 191 70 123 80 63 150 108 92 72 194 212 155 50 60 136 130 150 114 98 78 31 174 133 111 89 64 92 1000 162 
 156 120 
 172 72 160 190 147 157 138 80 155 150 158 125 176 154 90 180 160 150 156 91 60 138 106 42 120 101 123 
 122 146 114 70 
 152 22 92 150 130 151 94 150 160 60 164 60 20 126 161 44 106 110 10 
 28 130 90 89 108 104 63 94 94 40 50 76 138 134 82 50 126 80 82 86 136 36 92 63 80 100 70 162 1000 80 44 
 36 92 106 31 41 66 72 107 44 20 36 80 20 10 123 31 116 116 10 100 119 40 80 120 42 92 80 50 53 50 92 
 53 140 72 31 121 67 75 106 50 124 50 116 148 36 88 122 58 110 169 
 92 161 36 80 130 172 60 136 90 117 100 148 160 160 22 44 50 134 60 90 126 116 28 111 114 100 92 158 80 
 1000 66 
 50 110 178 80 112 140 20 141 120 92 44 31 72 72 163 111 186 40 86 66 97 106 50 120 80 138 138 53 28 88 
 100 
 126 142 80 50 53 14 70 30 31 150 128 140 151 72 162 113 72 56 167 
 72 100 58 44 72 106 20 70 50 82 92 86 104 101 56 22 100 67 40 42 92 70 64 44 50 56 31 120 44 67 1000 
 53 53 112 70 53 80 50 80 63 40 41 50 56 36 100 70 120 92 41 60 75 44 41 78 14 72 72 14 41 22 50 
 66 100 28 31 89 53 31 84 50 91 72 81 108 10 100 78 14 72 128 
 41 152 72 92 126 139 64 120 100 67 50 111 158 155 60 42 100 110 78 94 142 70 70 90 101 108 85 172 36 50 
 53 
 1000 106 141 30 75 102 50 130 80 53 14 62 22 31 150 64 151 90 44 94 120 72 72 130 60 120 111 50 31 70 
 102 
 88 152 80 22 100 40 78 80 20 144 86 134 160 50 124 128 66 93 180 
 120 50 85 36 20 94 50 36 28 122 142 90 50 50 92 70 125 50 53 22 50 102 94 41 20 22 22 72 92 110 53 
 107 1000 103 122 76 90 90 36 85 78 94 82 108 86 58 108 107 120 84 64 53 67 63 31 50 44 60 60 90 42 14 
 82 50 30 84 108 100 41 115 101 40 94 30 56 58 100 40 41 86 78 
 121 92 170 134 100 10 128 70 130 100 140 31 111 101 169 134 212 53 144 120 151 80 176 72 85 126 102 160 
 107 178 113 
 143 104 1000 132 67 41 162 80 62 89 138 162 125 111 72 90 10 204 97 160 157 72 150 130 98 60 44 126 150 
 92 116 
 53 140 116 130 200 164 130 196 152 100 60 100 140 106 20 141 114 180 161 
 14 161 101 114 138 131 86 126 120 42 22 101 170 165 90 67 130 111 102 113 162 53 100 94 111 127 100 191 
 31 80 70 
 30 122 133 1000 70 92 80 138 70 50 41 91 14 36 153 44 142 120 41 120 144 70 97 148 72 122 110 72 60 80 
 120 
 80 170 98 44 130 70 100 110 50 155 72 147 178 64 113 148 84 122 198 
 60 100 111 90 86 63 72 64 90 50 82 36 113 106 108 72 152 44 92 80 126 28 116 36 58 92 60 147 41 113 53 
 76 76 67 70 1000 28 100 78 10 22 72 102 60 44 88 36 76 144 31 110 120 10 94 107 41 58 41 66 84 40 82 
 14 125 70 64 142 98 80 136 86 98 20 92 130 44 50 113 60 125 152 
 80 100 138 111 94 40 98 67 110 60 100 10 116 108 136 100 180 44 117 100 141 40 144 50 70 110 80 158 67 
 141 80 
 102 90 41 92 28 1000 128 80 22 50 100 130 85 72 84 50 50 172 58 135 140 36 120 120 67 58 36 94 112 63 
 100 
 14 135 92 92 169 126 104 164 114 102 20 97 138 72 22 130 85 151 161 
 90 141 22 60 110 156 41 117 70 111 101 134 140 140 10 28 53 116 41 70 107 107 20 94 94 80 72 139 72 20 
 50 
 50 90 162 80 100 128 1000 122 108 80 40 14 70 63 144 103 170 44 76 50 80 92 31 101 64 120 122 36 20 72 
 80 
 114 123 60 41 50 14 50 36 31 130 116 120 132 56 148 94 53 44 148 
 134 22 120 72 22 70 82 14 64 128 156 76 36 28 126 100 161 36 89 58 72 106 130 44 30 56 50 80 107 143 80 
 131 36 80 139 78 80 123 1000 84 88 120 116 126 104 22 114 80 156 97 100 86 72 98 53 70 22 44 90 120 60 
 50 
 78 60 62 110 144 130 75 151 130 22 92 20 60 80 82 66 70 122 82 
 60 106 120 100 94 60 82 70 100 44 80 31 120 113 116 80 161 50 101 90 136 22 125 44 67 101 70 156 44 120 
 63 
 80 85 63 70 10 22 108 84 1000 28 78 111 63 50 94 31 72 152 36 120 130 20 103 116 50 64 44 75 92 50 92 
 10 133 80 70 151 106 90 144 92 106 10 100 138 53 44 123 70 134 161 
 44 111 94 82 92 85 60 76 85 44 67 58 122 116 89 53 134 60 80 76 125 30 98 44 64 89 58 150 20 92 40 
 53 78 89 50 22 50 80 89 28 1000 50 84 40 22 103 31 98 124 10 100 112 20 80 108 31 72 60 50 64 36 80 
 36 128 62 42 125 78 70 116 64 108 36 100 134 30 72 111 50 110 156 
 50 141 60 78 114 134 50 110 86 72 63 108 145 143 50 28 92 101 64 80 128 72 60 80 90 94 72 158 36 44 41 
 14 94 138 41 72 100 40 120 78 50 1000 50 30 28 140 67 147 81 42 80 106 67 58 116 50 110 104 36 20 60 89 
 86 138 67 10 90 31 64 72 14 132 84 122 147 40 122 114 53 81 166 
 100 133 10 50 101 155 36 111 60 120 114 136 130 131 10 31 50 114 30 60 94 114 14 92 89 70 67 126 80 31 
 50 
 63 82 162 92 102 130 14 117 111 85 50 1000 80 70 137 111 168 42 81 36 67 94 20 90 64 116 120 36 31 70 
 70 
 116 111 53 50 41 28 41 36 44 120 120 110 121 58 150 82 50 31 136 
 20 148 90 100 125 123 72 114 106 44 36 94 156 152 80 53 121 100 89 98 148 50 90 82 98 113 86 176 20 72 
 56 
 22 108 126 14 60 85 70 126 63 40 30 80 1000 22 142 42 135 110 30 106 130 60 84 134 58 111 100 58 50 66 
 106 
 72 156 84 31 120 60 86 101 41 141 67 133 164 50 107 134 70 111 184 
 36 126 80 80 102 107 53 92 86 50 56 80 134 130 72 40 117 80 72 78 128 44 82 60 76 92 64 155 10 72 36 
 31 86 111 36 44 72 63 104 50 22 28 70 22 1000 120 41 120 107 14 91 111 41 70 112 36 90 80 41 44 44 84 
 58 134 64 22 111 58 67 97 42 119 56 111 142 28 94 114 50 100 162 
 148 20 143 94 42 63 104 30 86 138 170 78 40 30 148 121 183 44 111 80 89 116 152 60 50 78 72 90 123 164 
 100 
 150 58 72 155 89 84 145 22 94 104 140 139 143 121 1000 124 70 178 113 122 106 84 120 72 90 31 50 110 
 140 80 72 
 86 72 84 130 166 151 97 173 150 31 100 36 70 100 80 86 91 144 90 
 31 136 121 114 120 90 90 100 117 14 50 60 148 142 114 80 158 80 110 107 156 10 123 70 92 120 89 180 31 
 111 70 
 64 108 90 44 36 50 104 114 31 31 67 111 42 41 125 1000 100 147 30 130 143 42 110 138 62 94 75 80 84 67 
 111 
 41 158 93 62 152 98 101 137 80 134 30 126 164 60 70 142 81 140 186 
 131 90 176 138 101 14 134 72 134 110 150 41 110 100 176 142 219 58 150 125 152 90 183 78 89 130 108 160 
 117 186 120 
 152 107 10 143 76 50 170 80 72 98 147 169 136 120 70 100 1000 211 107 166 160 80 156 132 106 63 50 134 
 158 98 120 
 63 140 122 138 206 172 136 204 160 100 70 100 140 114 30 144 120 186 160 
 131 170 36 85 139 197 78 152 94 155 140 178 164 167 36 72 10 156 67 98 120 152 28 134 130 104 108 150 
 117 40 92 
 90 120 205 120 144 172 44 156 152 125 82 42 111 107 178 148 212 1000 120 60 90 136 58 120 106 158 162 
 78 63 112 107 
 158 140 94 85 22 50 80 10 70 156 160 147 150 100 192 110 92 40 160 
 36 120 92 85 100 94 60 85 89 41 58 67 130 125 85 50 130 70 80 80 130 31 94 53 72 94 64 156 10 86 41 
 44 84 98 41 31 58 76 98 36 10 42 82 30 14 114 30 107 120 1000 100 115 30 80 114 36 82 70 50 58 42 86 
 44 134 67 36 122 72 72 111 56 116 42 108 140 31 80 116 53 110 162 
 126 111 31 28 80 152 40 98 36 141 143 139 104 107 44 53 63 108 20 42 60 130 41 89 78 44 58 92 101 67 60 
 94 64 161 120 111 136 50 100 121 100 80 36 107 92 122 130 166 60 100 1000 31 100 22 60 70 106 116 50 64 
 72 50 
 122 80 44 75 44 64 31 60 78 97 130 88 90 70 150 50 50 22 101 
 147 92 63 31 64 148 58 89 30 158 166 141 80 86 76 78 90 104 42 40 30 143 72 90 72 31 60 60 120 98 76 
 120 53 158 144 120 140 80 86 130 114 106 67 130 111 106 145 161 90 117 31 1000 110 50 36 81 97 112 72 
 92 80 41 
 130 50 50 100 70 94 44 90 106 78 140 70 60 84 152 22 62 50 70 
 63 94 102 80 78 67 63 58 80 56 85 42 106 100 100 64 144 41 82 70 117 36 108 28 50 82 50 138 40 106 44 
 72 67 72 70 10 36 92 72 20 20 67 94 60 41 85 42 80 136 30 101 110 1000 84 98 31 53 40 58 78 30 72 
 22 116 60 58 133 92 70 128 80 92 30 84 122 36 56 103 50 115 144 
 104 114 22 30 82 142 22 94 40 120 120 125 110 111 30 31 64 98 10 41 76 110 31 78 72 50 50 107 80 50 41 
 72 63 150 98 94 120 31 98 104 80 58 20 85 70 120 110 156 58 80 22 50 85 1000 70 53 100 106 30 42 58 50 
 106 92 36 53 50 44 22 53 56 100 112 91 101 50 138 63 36 31 117 
 148 56 90 41 31 121 67 60 31 152 169 120 44 50 100 89 123 80 60 36 20 134 100 72 50 22 50 42 120 121 78 
 130 31 131 148 107 121 101 53 117 108 116 90 134 113 72 138 133 121 114 60 36 98 70 1000 78 70 90 80 
 106 72 28 
 113 22 50 108 104 113 53 120 119 42 125 36 31 84 130 14 64 82 50 
 70 92 72 50 67 92 31 60 53 76 92 72 98 94 70 36 114 53 50 44 94 60 78 31 41 58 28 120 42 80 14 
 60 50 98 72 41 67 64 70 50 31 50 64 58 36 90 63 106 106 36 70 82 31 53 78 1000 60 58 28 53 10 50 
 53 98 31 40 102 67 40 98 60 85 60 75 106 10 86 80 20 84 127 
 117 42 122 78 40 50 80 10 72 108 139 53 58 50 125 94 164 14 92 64 90 86 130 30 28 67 50 101 92 139 72 
 120 44 60 123 58 58 120 22 64 72 110 116 111 90 31 94 63 158 82 106 98 53 100 70 60 1000 22 85 113 50 
 58 
 56 80 64 100 148 125 78 152 120 44 70 41 82 70 60 81 67 126 104 
 101 64 127 89 60 36 84 31 85 89 123 31 80 72 128 94 169 10 100 76 110 67 134 28 41 82 58 123 80 138 72 
 111 60 44 110 41 36 122 44 44 60 104 120 100 80 50 76 50 162 70 116 114 40 106 90 58 22 1000 86 111 50 
 72 
 36 101 72 94 156 125 86 156 116 66 50 62 103 67 40 100 70 136 126 
 76 110 44 42 80 120 14 82 50 90 94 100 111 110 42 10 86 80 31 44 92 80 50 58 60 58 40 122 50 53 14 
 50 60 127 72 67 94 36 90 76 50 36 36 58 41 111 80 134 78 50 50 72 58 30 80 28 85 86 1000 30 36 53 
 80 102 31 28 75 41 28 70 41 100 84 90 111 22 114 78 20 60 130 
 70 140 41 67 110 144 41 111 76 92 82 120 141 140 30 20 72 107 50 72 116 89 40 85 90 85 70 147 53 28 41 
 31 90 150 60 84 113 20 120 92 64 20 31 50 44 141 85 158 63 58 64 92 78 42 107 53 114 111 30 1000 63 81 
 98 129 60 22 70 14 53 53 14 130 100 120 137 44 134 102 50 62 156 
 78 82 78 50 58 84 36 50 50 80 100 67 89 85 78 44 120 44 53 41 89 63 84 22 31 53 22 114 50 89 22 
 70 42 92 80 40 63 72 60 50 36 60 70 67 44 80 67 98 113 42 72 80 30 58 72 10 50 50 36 63 1000 44 
 50 92 30 50 108 75 41 106 70 75 60 67 98 20 80 75 22 89 120 
 120 63 72 22 31 107 41 50 14 125 141 100 60 60 80 63 111 63 41 10 44 107 82 50 31 10 22 70 92 100 50 
 102 14 117 120 82 100 80 50 92 80 89 70 106 84 72 111 120 107 86 50 41 72 50 28 50 58 72 53 82 44 1000 
 90 50 22 80 94 90 30 103 94 50 101 41 58 56 111 31 36 72 78 
 70 98 125 100 89 50 85 64 100 53 90 22 114 106 122 86 166 42 104 90 133 31 130 41 63 100 70 152 53 127 
 67 
 89 82 53 80 14 14 114 78 10 36 86 116 72 58 86 41 63 158 44 123 130 22 107 114 53 56 36 80 98 50 90 
 1000 130 80 78 155 112 91 150 100 100 14 94 133 58 36 121 72 137 156 
 169 53 110 63 41 130 89 70 53 172 191 133 36 44 121 111 141 92 82 58 22 152 120 89 67 44 70 22 141 143 
 100 
 152 50 140 170 125 136 123 60 134 128 138 111 156 134 72 158 140 140 134 80 50 116 92 22 98 80 101 102 
 130 92 50 
 130 1000 72 130 120 135 75 140 141 41 142 40 10 106 140 30 86 100 28 
 100 80 58 20 50 108 20 58 22 107 120 94 80 80 63 41 100 64 28 14 64 92 67 44 36 28 14 92 72 80 28 
 80 30 116 98 70 92 60 63 80 63 67 53 84 64 85 94 122 94 67 44 50 60 36 50 31 64 72 31 60 30 22 
 80 72 1000 58 84 70 14 89 72 70 90 60 80 36 106 50 14 64 100 
 50 131 60 70 104 125 42 100 78 70 67 100 136 133 50 22 94 92 58 72 120 67 60 70 80 86 63 150 31 50 31 
 22 85 130 44 64 92 41 110 70 42 10 50 31 22 130 63 138 85 36 76 100 58 53 108 40 100 94 28 22 50 80 
 78 130 58 1000 90 36 56 75 22 122 78 112 138 30 114 106 44 80 158 
 140 156 31 72 125 192 72 142 80 161 151 174 148 152 40 72 20 148 56 86 100 155 30 128 120 89 98 130 121 
 53 89 
 100 108 200 130 143 170 50 144 152 126 90 41 120 111 166 152 206 22 123 44 70 134 50 104 102 148 156 76 
 70 108 94 
 156 121 84 90 1000 60 70 28 80 141 160 132 130 98 188 91 86 22 140 
 80 150 36 72 120 158 50 123 82 104 90 134 150 150 22 31 60 120 53 80 120 102 31 98 101 92 80 152 67 14 
 53 
 40 100 164 70 98 127 14 131 106 78 31 28 60 58 152 98 172 50 72 64 94 92 44 114 67 126 125 41 14 76 90 
 113 136 70 36 60 1000 60 41 20 140 114 130 144 58 148 106 60 58 161 
 102 92 44 14 60 122 14 72 22 114 122 107 90 90 50 36 86 78 14 20 64 100 53 58 50 31 28 94 76 70 31 
 78 41 130 100 80 104 50 76 90 70 64 41 86 67 98 101 136 80 72 31 44 70 22 53 40 78 86 28 53 41 30 
 92 76 14 56 70 60 1000 75 67 80 100 70 84 41 120 50 20 50 102 
 121 167 31 82 136 191 72 147 92 145 130 170 162 164 28 64 20 150 63 94 120 143 22 128 125 101 102 151 
 107 30 84 
 80 117 197 110 136 164 36 152 144 116 72 36 101 98 174 139 205 10 111 60 90 128 53 120 98 152 156 70 53 
 106 104 
 150 140 89 76 28 41 76 1000 60 154 152 144 150 92 184 110 86 41 161 
 60 150 53 80 121 147 53 120 89 85 70 122 152 151 41 31 80 114 64 85 130 86 50 92 100 98 80 161 50 31 50 
 20 101 152 50 86 114 31 130 92 64 14 44 41 42 150 80 161 70 56 78 106 80 56 120 60 121 117 41 14 70 94 
 100 143 72 22 80 20 67 60 1000 140 98 130 151 50 136 116 60 75 170 
 152 14 123 72 20 90 90 36 63 148 174 98 14 10 131 110 161 58 92 60 58 127 133 64 44 53 60 60 125 150 92 
 145 40 100 156 98 102 130 22 106 108 133 121 143 120 31 134 100 158 116 98 78 92 101 42 85 44 67 100 
 130 76 50 
 100 41 70 123 143 140 80 155 141 1000 114 10 40 94 104 56 80 120 60 
 60 113 130 110 102 60 92 78 110 41 80 30 128 120 125 89 170 56 111 100 145 20 134 53 76 111 80 165 50 
 128 72 
 86 94 60 72 20 20 116 92 10 36 84 120 67 56 100 30 70 161 42 131 140 30 114 126 60 70 50 85 100 60 101 
 14 143 90 78 161 114 100 152 98 114 1000 108 146 62 41 132 80 144 170 
 144 22 114 63 10 90 80 31 53 141 166 94 22 20 121 100 152 53 82 50 53 120 123 56 36 44 50 60 116 140 82 
 136 30 100 147 92 98 120 20 100 100 123 111 134 111 36 127 100 148 108 89 70 84 92 36 76 41 63 90 120 
 67 41 
 94 40 60 114 134 130 70 145 131 10 108 1000 41 84 101 50 70 111 63 
 176 50 120 72 44 130 98 72 63 178 198 136 31 41 131 120 151 94 92 67 31 158 130 94 72 53 78 20 148 152 
 108 
 161 56 140 178 130 139 133 60 138 134 147 121 164 142 70 164 140 150 141 90 60 122 101 31 106 82 104 
 111 139 98 58 
 134 10 80 138 131 145 85 150 152 40 147 41 1000 114 142 40 94 110 22 
 64 101 67 53 76 100 30 70 58 72 84 78 107 104 64 28 108 63 50 50 100 60 72 41 50 64 36 127 36 72 10 
 50 58 106 64 44 72 56 80 53 30 40 58 50 28 100 60 114 100 31 70 85 36 50 84 10 70 67 22 44 20 56 
 58 106 36 30 98 58 41 92 50 94 63 85 114 1000 92 86 22 81 134 
 101 98 158 126 100 22 116 70 123 80 120 14 117 107 156 120 200 50 134 114 150 60 164 63 80 121 94 162 
 89 162 100 
 125 100 20 114 50 22 148 82 44 72 122 150 107 94 80 70 30 192 80 152 152 56 138 130 86 60 40 114 134 80 
 111 
 36 141 107 114 188 148 120 184 136 104 41 101 143 92 1000 140 102 169 164 
 150 70 80 36 44 133 64 72 28 156 170 130 58 64 92 86 111 90 53 36 14 139 90 80 60 22 53 44 122 114 78 
 128 40 143 148 114 130 94 67 123 111 114 82 134 114 86 143 145 110 116 50 22 104 63 14 80 82 100 78 102 
 76 31 
 121 30 50 106 92 107 50 110 116 56 133 50 40 86 140 1000 64 70 53 
 86 90 56 31 60 106 14 63 36 94 106 89 92 90 58 30 98 64 31 28 78 80 64 42 41 42 20 106 58 72 14 
 67 41 114 84 60 85 53 70 70 50 53 50 70 50 92 82 120 92 53 50 63 50 36 64 20 67 70 20 50 22 36 
 72 86 14 44 86 60 20 86 60 80 80 70 94 22 102 64 1000 67 114 
 131 134 22 50 102 172 53 120 58 150 145 156 126 130 36 60 41 128 36 64 80 141 28 108 98 67 78 110 110 
 56 72 
 94 86 180 123 126 152 44 122 136 111 82 31 111 100 144 140 186 40 110 22 50 117 31 82 85 127 136 60 63 
 89 72 
 139 100 64 80 22 58 50 41 76 120 145 111 110 82 170 70 67 1000 120 
 197 70 133 89 67 151 116 94 80 200 219 158 50 60 145 138 160 117 107 86 41 180 143 116 94 72 98 10 169 
 167 128 
 180 78 161 198 152 161 148 82 161 156 166 136 184 162 90 186 160 160 162 101 70 144 117 50 127 104 126 
 130 156 120 78 
 156 28 100 158 140 161 102 161 170 60 170 63 22 134 164 53 114 120 1000 
